#AGE=10.000 EEPS=213
#EEP   M/Mo    LogTeff  LogG   LogL/Lo open    gp1     rp1     ip1     zp1     yp1     wp1     
  67  0.644189  3.7607  4.6716 -0.4285  5.8673  6.2212  5.8726  5.7271  5.6836  5.6773  5.9168
  68  0.647425  3.7625  4.6672 -0.4145  5.8336  6.1808  5.8375  5.6952  5.6536  5.6484  5.8816
  69  0.650571  3.7643  4.6628 -0.4009  5.8004  6.1409  5.8031  5.6640  5.6242  5.6202  5.8471
  70  0.653746  3.7661  4.6583 -0.3870  5.7666  6.1000  5.7680  5.6323  5.5944  5.5914  5.8119
  71  0.656765  3.7679  4.6541 -0.3739  5.7345  6.0612  5.7348  5.6022  5.5662  5.5642  5.7785
  72  0.659851  3.7696  4.6496 -0.3604  5.7016  6.0215  5.7007  5.5713  5.5371  5.5361  5.7442
  73  0.662799  3.7713  4.6452 -0.3474  5.6702  5.9837  5.6682  5.5418  5.5092  5.5093  5.7115
  74  0.665716  3.7729  4.6409 -0.3346  5.6395  5.9474  5.6365  5.5128  5.4819  5.4829  5.6797
  75  0.668519  3.7745  4.6366 -0.3221  5.6098  5.9124  5.6058  5.4847  5.4553  5.4572  5.6489
  76  0.671270  3.7761  4.6324 -0.3099  5.5808  5.8784  5.5759  5.4573  5.4293  5.4321  5.6190
  77  0.673949  3.7776  4.6282 -0.2980  5.5525  5.8452  5.5467  5.4304  5.4038  5.4075  5.5896
  78  0.676568  3.7790  4.6241 -0.2863  5.5247  5.8127  5.5180  5.4041  5.3789  5.3834  5.5608
  79  0.679216  3.7805  4.6198 -0.2744  5.4965  5.7796  5.4890  5.3774  5.3535  5.3589  5.5317
  80  0.681818  3.7820  4.6156 -0.2627  5.4686  5.7470  5.4603  5.3510  5.3285  5.3347  5.5028
  81  0.684344  3.7834  4.6114 -0.2513  5.4414  5.7152  5.4323  5.3253  5.3041  5.3111  5.4747
  82  0.688789  3.7858  4.6040 -0.2312  5.3936  5.6594  5.3831  5.2801  5.2611  5.2695  5.4253
  83  0.693339  3.7884  4.5962 -0.2103  5.3441  5.6016  5.3321  5.2332  5.2166  5.2264  5.3741
  84  0.697802  3.7909  4.5883 -0.1897  5.2950  5.5445  5.2817  5.1868  5.1725  5.1836  5.3234
  85  0.702293  3.7934  4.5802 -0.1687  5.2452  5.4864  5.2306  5.1397  5.1278  5.1402  5.2719
  86  0.706690  3.7959  4.5721 -0.1480  5.1959  5.4289  5.1800  5.0932  5.0835  5.0973  5.2210
  87  0.710905  3.7983  4.5643 -0.1282  5.1489  5.3742  5.1318  5.0487  5.0412  5.0562  5.1724
  88  0.715482  3.8009  4.5553 -0.1059  5.0963  5.3135  5.0779  4.9990  4.9938  5.0101  5.1183
  89  0.720005  3.8035  4.5461 -0.0834  5.0438  5.2532  5.0241  4.9492  4.9462  4.9638  5.0642
  90  0.724577  3.8061  4.5363 -0.0604  4.9897  5.1910  4.9689  4.8981  4.8973  4.9162  5.0085
  91  0.729137  3.8087  4.5259 -0.0369  4.9344  5.1264  4.9124  4.8462  4.8478  4.8679  4.9515
  92  0.733681  3.8113  4.5151 -0.0131  4.8780  5.0605  4.8548  4.7932  4.7971  4.8183  4.8933
  93  0.738205  3.8138  4.5036  0.0112  4.8202  4.9940  4.7958  4.7387  4.7448  4.7672  4.8338
  94  0.742701  3.8163  4.4913  0.0359  4.7609  4.9273  4.7355  4.6822  4.6905  4.7140  4.7731
  95  0.747165  3.8187  4.4785  0.0611  4.7004  4.8596  4.6739  4.6245  4.6348  4.6594  4.7112
  96  0.751589  3.8211  4.4650  0.0866  4.6388  4.7908  4.6112  4.5657  4.5780  4.6037  4.6482
  97  0.755946  3.8234  4.4508  0.1126  4.5764  4.7210  4.5477  4.5060  4.5203  4.5470  4.5843
  98  0.760222  3.8257  4.4361  0.1388  4.5130  4.6505  4.4835  4.4456  4.4617  4.4894  4.5196
  99  0.764409  3.8279  4.4208  0.1653  4.4489  4.5794  4.4184  4.3843  4.4022  4.4308  4.4541
 100  0.768496  3.8300  4.4050  0.1920  4.3841  4.5079  4.3527  4.3223  4.3419  4.3714  4.3880
 101  0.772473  3.8321  4.3887  0.2188  4.3188  4.4360  4.2865  4.2597  4.2810  4.3113  4.3214
 102  0.776330  3.8341  4.3720  0.2457  4.2532  4.3641  4.2202  4.1969  4.2198  4.2508  4.2547
 103  0.780055  3.8360  4.3550  0.2725  4.1876  4.2922  4.1538  4.1339  4.1584  4.1901  4.1879
 104  0.783642  3.8379  4.3377  0.2993  4.1220  4.2206  4.0874  4.0709  4.0968  4.1293  4.1212
 105  0.787084  3.8397  4.3200  0.3260  4.0565  4.1493  4.0212  4.0080  4.0353  4.0683  4.0546
 106  0.790377  3.8414  4.3021  0.3525  3.9912  4.0784  3.9552  3.9452  3.9738  4.0074  3.9883
 107  0.793519  3.8430  4.2839  0.3788  3.9263  4.0082  3.8897  3.8827  3.9125  3.9466  3.9224
 108  0.796508  3.8445  4.2656  0.4049  3.8618  3.9387  3.8246  3.8206  3.8515  3.8861  3.8570
 109  0.799349  3.8459  4.2470  0.4307  3.7980  3.8701  3.7602  3.7590  3.7909  3.8260  3.7923
 110  0.802040  3.8472  4.2281  0.4563  3.7347  3.8023  3.6965  3.6978  3.7306  3.7661  3.7282
 111  0.804593  3.8484  4.2088  0.4816  3.6719  3.7354  3.6333  3.6371  3.6706  3.7064  3.6647
 112  0.805289  3.8487  4.2034  0.4887  3.6543  3.7167  3.6155  3.6200  3.6537  3.6896  3.6469
 113  0.805981  3.8490  4.1978  0.4958  3.6365  3.6978  3.5976  3.6027  3.6367  3.6726  3.6289
 114  0.806669  3.8493  4.1921  0.5030  3.6186  3.6788  3.5796  3.5854  3.6195  3.6555  3.6108
 115  0.807353  3.8496  4.1864  0.5103  3.6006  3.6597  3.5615  3.5678  3.6022  3.6382  3.5926
 116  0.808033  3.8499  4.1806  0.5176  3.5824  3.6405  3.5432  3.5502  3.5847  3.6208  3.5742
 117  0.808709  3.8501  4.1747  0.5249  3.5641  3.6212  3.5248  3.5324  3.5670  3.6032  3.5557
 118  0.809381  3.8504  4.1687  0.5324  3.5456  3.6017  3.5062  3.5144  3.5492  3.5854  3.5371
 119  0.810049  3.8506  4.1626  0.5398  3.5270  3.5821  3.4875  3.4963  3.5312  3.5675  3.5183
 120  0.810712  3.8509  4.1564  0.5474  3.5082  3.5623  3.4686  3.4780  3.5131  3.5494  3.4994
 121  0.811371  3.8511  4.1502  0.5549  3.4893  3.5425  3.4496  3.4596  3.4948  3.5312  3.4803
 122  0.812026  3.8514  4.1439  0.5626  3.4703  3.5225  3.4305  3.4410  3.4764  3.5128  3.4611
 123  0.812676  3.8516  4.1374  0.5703  3.4511  3.5024  3.4112  3.4223  3.4578  3.4942  3.4418
 124  0.813322  3.8518  4.1310  0.5780  3.4318  3.4822  3.3919  3.4035  3.4391  3.4756  3.4223
 125  0.813964  3.8521  4.1244  0.5858  3.4123  3.4618  3.3723  3.3845  3.4202  3.4567  3.4028
 126  0.814601  3.8523  4.1178  0.5936  3.3928  3.4414  3.3527  3.3654  3.4012  3.4378  3.3830
 127  0.815234  3.8525  4.1112  0.6015  3.3730  3.4207  3.3329  3.3461  3.3821  3.4187  3.3632
 128  0.815860  3.8528  4.1047  0.6095  3.3531  3.3997  3.3129  3.3268  3.3629  3.3996  3.3431
 129  0.816481  3.8531  4.0981  0.6175  3.3331  3.3786  3.2928  3.3074  3.3437  3.3803  3.3229
 130  0.817098  3.8534  4.0915  0.6256  3.3130  3.3574  3.2726  3.2878  3.3243  3.3610  3.3026
 131  0.817711  3.8536  4.0848  0.6337  3.2928  3.3361  3.2523  3.2681  3.3047  3.3415  3.2822
 132  0.818320  3.8539  4.0780  0.6418  3.2724  3.3148  3.2318  3.2483  3.2849  3.3218  3.2617
 133  0.818923  3.8541  4.0709  0.6501  3.2518  3.2934  3.2112  3.2281  3.2649  3.3018  3.2410
 134  0.819519  3.8542  4.0635  0.6584  3.2310  3.2718  3.1903  3.2077  3.2446  3.2814  3.2201
 135  0.820108  3.8543  4.0558  0.6667  3.2100  3.2502  3.1692  3.1870  3.2238  3.2607  3.1989
 136  0.820689  3.8544  4.0478  0.6752  3.1887  3.2285  3.1479  3.1659  3.2027  3.2395  3.1776
 137  0.821261  3.8543  4.0394  0.6837  3.1670  3.2066  3.1263  3.1445  3.1812  3.2179  3.1559
 138  0.821824  3.8542  4.0307  0.6924  3.1452  3.1847  3.1044  3.1227  3.1593  3.1959  3.1341
 139  0.822379  3.8541  4.0216  0.7011  3.1230  3.1626  3.0823  3.1005  3.1369  3.1735  3.1120
 140  0.822924  3.8539  4.0122  0.7099  3.1006  3.1405  3.0600  3.0779  3.1142  3.1506  3.0896
 141  0.823459  3.8536  4.0023  0.7189  3.0778  3.1183  3.0374  3.0550  3.0910  3.1272  3.0670
 142  0.823985  3.8532  3.9920  0.7278  3.0548  3.0961  3.0145  3.0317  3.0673  3.1034  3.0442
 143  0.824501  3.8526  3.9812  0.7369  3.0315  3.0740  2.9914  3.0079  3.0431  3.0789  3.0212
 144  0.825006  3.8520  3.9698  0.7461  3.0079  3.0519  2.9680  2.9836  3.0183  3.0539  2.9979
 145  0.825501  3.8513  3.9579  0.7553  2.9841  3.0298  2.9445  2.9589  2.9931  3.0284  2.9744
 146  0.825984  3.8504  3.9454  0.7646  2.9600  3.0078  2.9206  2.9339  2.9673  3.0023  2.9507
 147  0.826455  3.8494  3.9323  0.7740  2.9356  2.9859  2.8966  2.9083  2.9410  2.9756  2.9268
 148  0.826914  3.8483  3.9186  0.7834  2.9109  2.9642  2.8724  2.8823  2.9142  2.9483  2.9028
 149  0.827360  3.8470  3.9042  0.7929  2.8860  2.9427  2.8479  2.8558  2.8867  2.9204  2.8785
 150  0.827793  3.8456  3.8890  0.8025  2.8608  2.9214  2.8233  2.8289  2.8586  2.8918  2.8541
 151  0.828211  3.8439  3.8731  0.8121  2.8353  2.9003  2.7985  2.8014  2.8299  2.8624  2.8296
 152  0.828614  3.8421  3.8564  0.8218  2.8096  2.8795  2.7734  2.7734  2.8006  2.8324  2.8048
 153  0.829003  3.8401  3.8388  0.8315  2.7836  2.8590  2.7482  2.7450  2.7706  2.8016  2.7799
 154  0.829376  3.8379  3.8204  0.8412  2.7573  2.8389  2.7228  2.7160  2.7399  2.7701  2.7549
 155  0.829734  3.8355  3.8011  0.8510  2.7309  2.8193  2.6974  2.6866  2.7087  2.7378  2.7298
 156  0.830076  3.8328  3.7809  0.8608  2.7044  2.8002  2.6720  2.6568  2.6768  2.7049  2.7048
 157  0.830403  3.8300  3.7601  0.8706  2.6778  2.7814  2.6466  2.6269  2.6447  2.6716  2.6798
 158  0.830715  3.8271  3.7388  0.8805  2.6509  2.7629  2.6209  2.5964  2.6120  2.6376  2.6545
 159  0.831012  3.8240  3.7168  0.8903  2.6233  2.7449  2.5945  2.5648  2.5780  2.6024  2.6288
 160  0.831294  3.8208  3.6942  0.9002  2.5955  2.7274  2.5680  2.5327  2.5433  2.5664  2.6029
 161  0.831561  3.8173  3.6706  0.9100  2.5684  2.7108  2.5424  2.5014  2.5091  2.5307  2.5779
 162  0.831710  3.8152  3.6564  0.9156  2.5529  2.7017  2.5280  2.4835  2.4894  2.5099  2.5637
 163  0.831857  3.8130  3.6419  0.9214  2.5371  2.6923  2.5133  2.4652  2.4693  2.4888  2.5492
 164  0.832002  3.8107  3.6271  0.9273  2.5209  2.6824  2.4981  2.4464  2.4487  2.4671  2.5343
 165  0.832146  3.8084  3.6121  0.9332  2.5043  2.6725  2.4826  2.4273  2.4276  2.4449  2.5190
 166  0.832288  3.8061  3.5967  0.9393  2.4873  2.6624  2.4668  2.4078  2.4061  2.4222  2.5035
 167  0.832427  3.8037  3.5809  0.9455  2.4698  2.6518  2.4505  2.3876  2.3839  2.3988  2.4874
 168  0.832565  3.8011  3.5646  0.9517  2.4520  2.6414  2.4339  2.3671  2.3613  2.3749  2.4711
 169  0.832701  3.7984  3.5476  0.9580  2.4342  2.6314  2.4175  2.3465  2.3384  2.3506  2.4549
 170  0.832835  3.7957  3.5302  0.9643  2.4168  2.6222  2.4016  2.3262  2.3156  2.3263  2.4393
 171  0.832967  3.7929  3.5126  0.9708  2.3992  2.6134  2.3854  2.3054  2.2923  2.3015  2.4234
 172  0.833098  3.7899  3.4945  0.9773  2.3803  2.6052  2.3680  2.2828  2.2671  2.2749  2.4066
 173  0.833226  3.7869  3.4758  0.9839  2.3609  2.5974  2.3501  2.2594  2.2410  2.2473  2.3893
 174  0.833352  3.7838  3.4568  0.9905  2.3418  2.5892  2.3326  2.2365  2.2153  2.2200  2.3723
 175  0.833478  3.7808  3.4382  0.9972  2.3229  2.5798  2.3154  2.2145  2.1906  2.1937  2.3554
 176  0.833602  3.7779  3.4201  1.0040  2.3041  2.5696  2.2982  2.1928  2.1663  2.1678  2.3383
 177  0.833723  3.7750  3.4015  1.0110  2.2852  2.5601  2.2811  2.1709  2.1417  2.1415  2.3214
 178  0.833843  3.7723  3.3835  1.0180  2.2660  2.5498  2.2636  2.1490  2.1172  2.1154  2.3041
 179  0.833961  3.7698  3.3662  1.0253  2.2463  2.5382  2.2454  2.1268  2.0926  2.0894  2.2861
 180  0.834075  3.7674  3.3492  1.0328  2.2260  2.5253  2.2265  2.1041  2.0678  2.0631  2.2673
 181  0.834185  3.7651  3.3326  1.0404  2.2053  2.5118  2.2072  2.0812  2.0429  2.0368  2.2481
 182  0.834272  3.7634  3.3196  1.0468  2.1883  2.5003  2.1912  2.0626  2.0227  2.0156  2.2322
 183  0.834357  3.7618  3.3067  1.0533  2.1709  2.4883  2.1748  2.0435  2.0021  1.9941  2.2159
 184  0.834441  3.7603  3.2940  1.0601  2.1529  2.4756  2.1578  2.0240  1.9812  1.9723  2.1990
 185  0.834523  3.7589  3.2814  1.0671  2.1346  2.4623  2.1403  2.0041  1.9599  1.9503  2.1817
 186  0.834604  3.7576  3.2689  1.0743  2.1158  2.4486  2.1224  1.9839  1.9384  1.9279  2.1639
 187  0.834684  3.7563  3.2563  1.0817  2.0967  2.4345  2.1042  1.9633  1.9165  1.9053  2.1458
 188  0.834763  3.7551  3.2439  1.0892  2.0774  2.4200  2.0858  1.9426  1.8946  1.8826  2.1275
 189  0.834840  3.7539  3.2316  1.0969  2.0580  2.4052  2.0671  1.9219  1.8726  1.8599  2.1089
 190  0.834917  3.7528  3.2195  1.1047  2.0382  2.3896  2.0481  1.9009  1.8505  1.8372  2.0900
 191  0.834993  3.7518  3.2074  1.1126  2.0183  2.3737  2.0289  1.8798  1.8283  1.8143  2.0709
 192  0.835068  3.7509  3.1958  1.1206  1.9981  2.3570  2.0094  1.8586  1.8062  1.7916  2.0514
 193  0.835142  3.7499  3.1841  1.1287  1.9778  2.3401  1.9897  1.8373  1.7840  1.7688  2.0318
 194  0.835216  3.7492  3.1728  1.1369  1.9572  2.3224  1.9697  1.8160  1.7618  1.7462  2.0118
 195  0.835289  3.7484  3.1617  1.1452  1.9365  2.3043  1.9496  1.7946  1.7397  1.7235  1.9917
 196  0.835361  3.7477  3.1506  1.1534  1.9157  2.2860  1.9292  1.7731  1.7174  1.7008  1.9713
 197  0.835433  3.7471  3.1397  1.1618  1.8947  2.2672  1.9087  1.7515  1.6952  1.6782  1.9508
 198  0.835505  3.7465  3.1290  1.1702  1.8737  2.2483  1.8881  1.7299  1.6730  1.6556  1.9302
 199  0.835576  3.7459  3.1184  1.1786  1.8525  2.2290  1.8674  1.7083  1.6508  1.6331  1.9095
 200  0.835647  3.7454  3.1078  1.1870  1.8314  2.2096  1.8466  1.6866  1.6287  1.6105  1.8887
 201  0.835718  3.7448  3.0972  1.1955  1.8102  2.1902  1.8258  1.6649  1.6064  1.5879  1.8679
 202  0.835789  3.7443  3.0868  1.2040  1.7889  2.1706  1.8048  1.6432  1.5842  1.5654  1.8470
 203  0.835860  3.7438  3.0764  1.2125  1.7676  2.1509  1.7839  1.6215  1.5620  1.5429  1.8260
 204  0.835930  3.7434  3.0661  1.2210  1.7462  2.1310  1.7628  1.5998  1.5399  1.5204  1.8050
 205  0.836000  3.7430  3.0559  1.2295  1.7249  2.1110  1.7418  1.5780  1.5177  1.4979  1.7839
 206  0.836070  3.7425  3.0455  1.2381  1.7035  2.0911  1.7207  1.5562  1.4954  1.4754  1.7629
 207  0.836140  3.7421  3.0353  1.2467  1.6820  2.0710  1.6996  1.5344  1.4732  1.4529  1.7417
 208  0.836210  3.7417  3.0252  1.2553  1.6606  2.0509  1.6784  1.5126  1.4510  1.4304  1.7205
 209  0.836279  3.7413  3.0150  1.2639  1.6390  2.0306  1.6572  1.4908  1.4288  1.4079  1.6993
 210  0.836348  3.7410  3.0050  1.2725  1.6175  2.0102  1.6358  1.4689  1.4066  1.3855  1.6780
 211  0.836417  3.7405  2.9947  1.2811  1.5959  1.9900  1.6146  1.4470  1.3842  1.3628  1.6567
 212  0.836486  3.7401  2.9844  1.2898  1.5742  1.9696  1.5932  1.4250  1.3617  1.3401  1.6353
 213  0.836555  3.7397  2.9742  1.2985  1.5524  1.9491  1.5717  1.4029  1.3393  1.3173  1.6138
 214  0.836623  3.7393  2.9640  1.3072  1.5306  1.9285  1.5502  1.3808  1.3168  1.2946  1.5923
 215  0.836691  3.7389  2.9537  1.3159  1.5088  1.9079  1.5286  1.3586  1.2942  1.2718  1.5707
 216  0.836759  3.7385  2.9435  1.3247  1.4868  1.8872  1.5070  1.3364  1.2716  1.2489  1.5490
 217  0.836778  3.7384  2.9405  1.3272  1.4805  1.8812  1.5007  1.3300  1.2651  1.2423  1.5428
 218  0.836797  3.7383  2.9376  1.3297  1.4742  1.8753  1.4945  1.3235  1.2586  1.2357  1.5366
 219  0.836817  3.7382  2.9346  1.3322  1.4679  1.8693  1.4882  1.3171  1.2520  1.2291  1.5303
 220  0.836836  3.7381  2.9317  1.3348  1.4616  1.8633  1.4820  1.3107  1.2455  1.2225  1.5240
 221  0.836855  3.7380  2.9287  1.3373  1.4552  1.8573  1.4757  1.3043  1.2390  1.2159  1.5178
 222  0.836874  3.7379  2.9257  1.3398  1.4489  1.8514  1.4695  1.2978  1.2324  1.2092  1.5115
 223  0.836894  3.7378  2.9228  1.3424  1.4425  1.8454  1.4632  1.2914  1.2258  1.2026  1.5052
 224  0.836913  3.7377  2.9198  1.3449  1.4361  1.8393  1.4569  1.2849  1.2193  1.1960  1.4989
 225  0.836932  3.7376  2.9168  1.3475  1.4297  1.8333  1.4506  1.2784  1.2127  1.1893  1.4926
 226  0.836951  3.7375  2.9138  1.3500  1.4233  1.8273  1.4443  1.2720  1.2061  1.1827  1.4863
 227  0.837160  3.7363  2.8811  1.3782  1.3531  1.7611  1.3749  1.2007  1.1336  1.1093  1.4169
 228  0.837381  3.7350  2.8450  1.4092  1.2756  1.6884  1.2984  1.1220  1.0536  1.0285  1.3405
 229  0.837559  3.7339  2.8150  1.4351  1.2113  1.6281  1.2349  1.0566  0.9871  0.9613  1.2770
 230  0.837779  3.7326  2.7764  1.4683  1.1286  1.5509  1.1533  0.9725  0.9015  0.8748  1.1954
 231  0.837984  3.7312  2.7389  1.5005  1.0488  1.4767  1.0745  0.8912  0.8188  0.7911  1.1167
 232  0.838198  3.7298  2.6979  1.5360  0.9608  1.3945  0.9877  0.8018  0.7277  0.6991  1.0299
 233  0.838388  3.7284  2.6586  1.5698  0.8770  1.3165  0.9052  0.7166  0.6411  0.6115  0.9473
 234  0.838563  3.7271  2.6204  1.6031  0.7945  1.2390  0.8236  0.6328  0.5559  0.5255  0.8658
 235  0.838732  3.7258  2.5807  1.6377  0.7085  1.1579  0.7387  0.5457  0.4674  0.4361  0.7809
 236  0.838900  3.7245  2.5385  1.6746  0.6167  1.0709  0.6479  0.4527  0.3729  0.3407  0.6900
 237  0.839049  3.7233  2.4984  1.7098  0.5292  0.9880  0.5614  0.3641  0.2832  0.2500  0.6035
 238  0.839194  3.7218  2.4559  1.7465  0.4379  0.9022  0.4713  0.2715  0.1890  0.1549  0.5133
 239  0.839329  3.7203  2.4132  1.7833  0.3464  0.8163  0.3810  0.1788  0.0947  0.0596  0.4231
 240  0.839450  3.7189  2.3718  1.8190  0.2577  0.7330  0.2935  0.0888  0.0032 -0.0330  0.3355
 241  0.839565  3.7174  2.3297  1.8553  0.1679  0.6489  0.2048 -0.0024 -0.0895 -0.1267  0.2468
 242  0.839674  3.7159  2.2868  1.8922  0.0766  0.5636  0.1149 -0.0950 -0.1837 -0.2220  0.1568
 243  0.839778  3.7144  2.2428  1.9302 -0.0169  0.4767  0.0226 -0.1901 -0.2805 -0.3199  0.0646
 244  0.839871  3.7129  2.2002  1.9668 -0.1070  0.3936 -0.0661 -0.2818 -0.3739 -0.4143 -0.0241
 245  0.839960  3.7113  2.1564  2.0046 -0.1993  0.3090 -0.1569 -0.3758 -0.4698 -0.5113 -0.1149
 246  0.840040  3.7098  2.1140  2.0409 -0.2880  0.2281 -0.2442 -0.4664 -0.5622 -0.6048 -0.2021
 247  0.840117  3.7082  2.0703  2.0784 -0.3791  0.1456 -0.3337 -0.5595 -0.6572 -0.7010 -0.2916
 248  0.840185  3.7068  2.0284  2.1143 -0.4663  0.0665 -0.4194 -0.6485 -0.7480 -0.7929 -0.3773
 249  0.840250  3.7052  1.9858  2.1509 -0.5551 -0.0143 -0.5066 -0.7390 -0.8404 -0.8864 -0.4645
 250  0.840311  3.7037  1.9428  2.1876 -0.6441 -0.0950 -0.5941 -0.8299 -0.9332 -0.9804 -0.5520
 251  0.840367  3.7021  1.9002  2.2240 -0.7321 -0.1748 -0.6805 -0.9197 -1.0249 -1.0734 -0.6384
 252  0.840418  3.7005  1.8581  2.2598 -0.8190 -0.2534 -0.7658 -1.0083 -1.1153 -1.1650 -0.7237
 253  0.840466  3.6990  1.8166  2.2951 -0.9043 -0.3305 -0.8496 -1.0954 -1.2043 -1.2552 -0.8075
 254  0.840510  3.6974  1.7752  2.3303 -0.9894 -0.4072 -0.9331 -1.1823 -1.2931 -1.3451 -0.8910
 255  0.840551  3.6958  1.7337  2.3655 -1.0745 -0.4836 -1.0164 -1.2691 -1.3818 -1.4351 -0.9744
 256  0.840589  3.6943  1.6932  2.3999 -1.1573 -0.5579 -1.0976 -1.3537 -1.4683 -1.5228 -1.0556
 257  0.840625  3.6928  1.6530  2.4340 -1.2392 -0.6310 -1.1778 -1.4374 -1.5539 -1.6096 -1.1359
 258  0.840658  3.6913  1.6134  2.4678 -1.3197 -0.7025 -1.2567 -1.5198 -1.6382 -1.6951 -1.2148
 259  0.840689  3.6898  1.5745  2.5007 -1.3981 -0.7715 -1.3333 -1.6001 -1.7205 -1.7785 -1.2914
 260  0.840718  3.6885  1.5386  2.5313 -1.4702 -0.8342 -1.4037 -1.6741 -1.7963 -1.8555 -1.3619
 261  0.840744  3.6874  1.5083  2.5571 -1.5311 -0.8869 -1.4631 -1.7366 -1.8604 -1.9205 -1.4213
 262  0.840770  3.6865  1.4862  2.5759 -1.5752 -0.9248 -1.5061 -1.7820 -1.9070 -1.9677 -1.4643
 263  0.840795  3.6854  1.4583  2.5995 -1.6304 -0.9716 -1.5598 -1.8388 -1.9654 -2.0270 -1.5180
 264  0.840819  3.6837  1.4174  2.6335 -1.7095 -1.0373 -1.6364 -1.9206 -2.0497 -2.1127 -1.5948
 265  0.840841  3.6820  1.3764  2.6677 -1.7887 -1.1031 -1.7132 -2.0024 -2.1340 -2.1985 -1.6717
 266  0.840862  3.6804  1.3367  2.7010 -1.8656 -1.1672 -1.7877 -2.0817 -2.2157 -2.2816 -1.7463
 267  0.840881  3.6788  1.2978  2.7336 -1.9407 -1.2299 -1.8605 -2.1591 -2.2954 -2.3628 -1.8192
 268  0.840899  3.6773  1.2597  2.7657 -2.0145 -1.2914 -1.9320 -2.2352 -2.3738 -2.4425 -1.8909
 269  0.840915  3.6759  1.2223  2.7972 -2.0864 -1.3510 -2.0015 -2.3092 -2.4501 -2.5202 -1.9606
 270  0.840930  3.6744  1.1858  2.8280 -2.1564 -1.4088 -2.0692 -2.3814 -2.5247 -2.5960 -2.0285
 271  0.840945  3.6730  1.1498  2.8583 -2.2251 -1.4652 -2.1355 -2.4523 -2.5978 -2.6705 -2.0951
 272  0.840958  3.6716  1.1147  2.8880 -2.2920 -1.5198 -2.2001 -2.5214 -2.6691 -2.7431 -2.1598
 273  0.840970  3.6703  1.0804  2.9169 -2.3572 -1.5728 -2.2628 -2.5886 -2.7385 -2.8138 -2.2228
 274  0.840982  3.6690  1.0460  2.9459 -2.4220 -1.6251 -2.3252 -2.6555 -2.8077 -2.8842 -2.2855
 275  0.840993  3.6677  1.0129  2.9739 -2.4842 -1.6750 -2.3850 -2.7198 -2.8742 -2.9520 -2.3456
 276  0.841003  3.6663  0.9801  3.0014 -2.5448 -1.7223 -2.4429 -2.7826 -2.9393 -3.0184 -2.4039
 277  0.841013  3.6650  0.9480  3.0281 -2.6029 -1.7665 -2.4982 -2.8430 -3.0021 -3.0827 -2.4597
 278  0.841022  3.6637  0.9170  3.0538 -2.6585 -1.8079 -2.5509 -2.9008 -3.0623 -3.1442 -2.5128
 279  0.841110  3.6626  0.8913  3.0753 -2.7045 -1.8421 -2.5945 -2.9487 -3.1122 -3.1952 -2.5568


