#AGE=10.000 EEPS=269
#EEP   M/Mo    LogTeff  LogG   LogL/Lo open    gp1     rp1     ip1     zp1     yp1     wp1     
  11  0.103191  3.5170  5.3411 -2.8682 12.3041 14.4218 13.1151 11.9820 11.4672 11.2494 12.7914
  12  0.117023  3.5194  5.2778 -2.7407 11.9762 14.0553 12.7578 11.6544 11.1493 10.9337 12.4525
  13  0.133674  3.5220  5.2127 -2.6071 11.6328 13.6716 12.3837 11.3113 10.8165 10.6033 12.0973
  14  0.154625  3.5260  5.1535 -2.4687 11.2723 13.2581 11.9814 10.9508 10.4715 10.2622 11.7202
  15  0.177881  3.5320  5.1120 -2.3426 10.9358 12.8524 11.5887 10.6141 10.1573  9.9541 11.3606
  16  0.197271  3.5371  5.0842 -2.2496 10.6860 12.5469 11.2935 10.3643  9.9261  9.7286 11.0919
  17  0.212814  3.5407  5.0625 -2.1805 10.5009 12.3235 11.0775 10.1795  9.7544  9.5609 10.8937
  18  0.226632  3.5438  5.0448 -2.1230 10.3470 12.1379 10.8982 10.0259  9.6120  9.4218 10.7289
  19  0.239753  3.5465  5.0292 -2.0720 10.2105 11.9739 10.7398  9.8898  9.4855  9.2984 10.5829
  20  0.253040  3.5491  5.0145 -2.0237 10.0819 11.8204 10.5916  9.7616  9.3662  9.1818 10.4457
  21  0.268545  3.5518  4.9997 -1.9723  9.9451 11.6581 10.4348  9.6253  9.2392  9.0578 10.3001
  22  0.283782  3.5542  4.9860 -1.9248  9.8191 11.5094 10.2911  9.4998  9.1221  8.9433 10.1663
  23  0.296476  3.5562  4.9744 -1.8863  9.7169 11.3890 10.1749  9.3980  9.0271  8.8504 10.0577
  24  0.305725  3.5576  4.9657 -1.8585  9.6435 11.3030 10.0917  9.3250  8.9589  8.7837  9.9799
  25  0.312533  3.5587  4.9596 -1.8388  9.5914 11.2419 10.0326  9.2731  8.9104  8.7364  9.9247
  26  0.317671  3.5594  4.9551 -1.8241  9.5526 11.1964  9.9886  9.2345  8.8744  8.7011  9.8836
  27  0.321665  3.5600  4.9513 -1.8125  9.5221 11.1607  9.9540  9.2041  8.8460  8.6733  9.8512
  28  0.325279  3.5606  4.9481 -1.8022  9.4947 11.1284  9.9229  9.1769  8.8207  8.6486  9.8221
  29  0.328871  3.5612  4.9449 -1.7919  9.4676 11.0963  9.8919  9.1499  8.7956  8.6241  9.7932
  30  0.333071  3.5618  4.9414 -1.7802  9.4367 11.0598  9.8566  9.1191  8.7671  8.5963  9.7603
  31  0.338222  3.5626  4.9372 -1.7661  9.3991 11.0152  9.8136  9.0818  8.7324  8.5625  9.7203
  32  0.345201  3.5638  4.9314 -1.7468  9.3480 10.9545  9.7551  9.0309  8.6854  8.5166  9.6658
  33  0.376905  3.5700  4.8998 -1.6524  9.0964 10.6519  9.4648  8.7813  8.4560  8.2936  9.3963
  34  0.414762  3.5793  4.8557 -1.5293  8.7668 10.2485  9.0814  8.4553  8.1595  8.0064  9.0412
  35  0.427477  3.5829  4.8394 -1.4855  8.6488 10.1019  8.9440  8.3390  8.0542  7.9047  8.9139
  36  0.438173  3.5862  4.8253 -1.4475  8.5464  9.9736  8.8247  8.2382  7.9632  7.8168  8.8032
  37  0.449453  3.5899  4.8106 -1.4069  8.4368  9.8350  8.6971  8.1306  7.8661  7.7233  8.6846
  38  0.462140  3.5944  4.7942 -1.3605  8.3109  9.6742  8.5507  8.0073  7.7552  7.6165  8.5483
  39  0.474996  3.5994  4.7777 -1.3120  8.1794  9.5043  8.3983  7.8789  7.6397  7.5056  8.4060
  40  0.487212  3.6045  4.7624 -1.2652  8.0522  9.3374  8.2519  7.7552  7.5281  7.3985  8.2685
  41  0.498546  3.6096  4.7491 -1.2216  7.9337  9.1798  8.1168  7.6405  7.4242  7.2987  8.1408
  42  0.508405  3.6143  4.7383 -1.1834  7.8299  9.0395  7.9989  7.5403  7.3333  7.2117  8.0288
  43  0.517321  3.6189  4.7289 -1.1484  7.7344  8.9086  7.8908  7.4485  7.2501  7.1321  7.9257
  44  0.526081  3.6236  4.7203 -1.1136  7.6390  8.7762  7.7832  7.3574  7.1675  7.0533  7.8228
  45  0.535172  3.6288  4.7120 -1.0771  7.5386  8.6343  7.6693  7.2618  7.0816  6.9713  7.7140
  46  0.545152  3.6347  4.7038 -1.0371  7.4276  8.4753  7.5436  7.1568  6.9872  6.8815  7.5934
  47  0.556191  3.6416  4.6957 -0.9927  7.3037  8.2956  7.4041  7.0403  6.8825  6.7822  7.4589
  48  0.567498  3.6493  4.6890 -0.9466  7.1736  8.1034  7.2585  6.9190  6.7735  6.6795  7.3175
  49  0.578827  3.6573  4.6835 -0.9003  7.0416  7.9073  7.1123  6.7967  6.6632  6.5760  7.1742
  50  0.590104  3.6654  4.6782 -0.8543  6.9107  7.7153  6.9695  6.6755  6.5530  6.4727  7.0329
  51  0.601264  3.6731  4.6724 -0.8094  6.7835  7.5341  6.8331  6.5571  6.4443  6.3707  6.8967
  52  0.606683  3.6768  4.6693 -0.7878  6.7227  7.4487  6.7685  6.5005  6.3919  6.3216  6.8318
  53  0.612078  3.6804  4.6662 -0.7663  6.6626  7.3652  6.7050  6.4445  6.3401  6.2729  6.7679
  54  0.617427  3.6840  4.6630 -0.7451  6.6037  7.2834  6.6429  6.3897  6.2892  6.2253  6.7052
  55  0.622741  3.6875  4.6597 -0.7241  6.5459  7.2037  6.5820  6.3358  6.2391  6.1784  6.6438
  56  0.628013  3.6909  4.6563 -0.7032  6.4890  7.1260  6.5223  6.2828  6.1897  6.1321  6.5835
  57  0.633233  3.6943  4.6528 -0.6827  6.4331  7.0506  6.4638  6.2307  6.1411  6.0866  6.5244
  58  0.638401  3.6976  4.6492 -0.6624  6.3782  6.9773  6.4064  6.1794  6.0932  6.0416  6.4665
  59  0.643526  3.7008  4.6455 -0.6423  6.3243  6.9067  6.3498  6.1288  6.0461  5.9971  6.4095
  60  0.648598  3.7040  4.6418 -0.6224  6.2712  6.8384  6.2940  6.0788  5.9997  5.9531  6.3536
  61  0.653625  3.7071  4.6379 -0.6028  6.2190  6.7720  6.2392  6.0295  5.9539  5.9096  6.2987
  62  0.658609  3.7101  4.6339 -0.5834  6.1677  6.7071  6.1853  5.9810  5.9088  5.8667  6.2448
  63  0.663536  3.7131  4.6299 -0.5642  6.1173  6.6438  6.1324  5.9333  5.8644  5.8245  6.1918
  64  0.668415  3.7160  4.6257 -0.5452  6.0677  6.5820  6.0806  5.8864  5.8208  5.7829  6.1399
  65  0.673219  3.7189  4.6215 -0.5265  6.0193  6.5213  6.0301  5.8407  5.7780  5.7423  6.0892
  66  0.677955  3.7216  4.6172 -0.5081  5.9719  6.4621  5.9808  5.7960  5.7360  5.7024  6.0395
  67  0.682619  3.7243  4.6128 -0.4900  5.9255  6.4044  5.9326  5.7521  5.6949  5.6633  5.9910
  68  0.687209  3.7269  4.6083 -0.4722  5.8801  6.3481  5.8854  5.7093  5.6545  5.6249  5.9436
  69  0.691720  3.7295  4.6037 -0.4546  5.8356  6.2934  5.8394  5.6673  5.6149  5.5873  5.8973
  70  0.696149  3.7319  4.5991 -0.4374  5.7922  6.2400  5.7945  5.6262  5.5762  5.5504  5.8520
  71  0.700503  3.7343  4.5942 -0.4204  5.7496  6.1880  5.7505  5.5860  5.5383  5.5142  5.8077
  72  0.704776  3.7366  4.5894 -0.4037  5.7080  6.1373  5.7075  5.5467  5.5011  5.4786  5.7644
  73  0.708976  3.7388  4.5845 -0.3873  5.6672  6.0877  5.6654  5.5081  5.4646  5.4437  5.7220
  74  0.713103  3.7409  4.5794 -0.3712  5.6272  6.0394  5.6241  5.4702  5.4287  5.4093  5.6804
  75  0.717166  3.7430  4.5743 -0.3552  5.5878  5.9920  5.5836  5.4329  5.3934  5.3754  5.6396
  76  0.721164  3.7451  4.5691 -0.3395  5.5491  5.9456  5.5438  5.3962  5.3585  5.3420  5.5995
  77  0.725104  3.7470  4.5638 -0.3240  5.5110  5.9002  5.5046  5.3600  5.3241  5.3089  5.5600
  78  0.728984  3.7489  4.5584 -0.3087  5.4734  5.8556  5.4659  5.3242  5.2900  5.2761  5.5211
  79  0.732805  3.7508  4.5529 -0.2935  5.4362  5.8119  5.4278  5.2888  5.2562  5.2435  5.4827
  80  0.736570  3.7525  4.5473 -0.2786  5.3996  5.7691  5.3903  5.2538  5.2227  5.2113  5.4449
  81  0.740279  3.7543  4.5416 -0.2638  5.3634  5.7270  5.3533  5.2193  5.1897  5.1793  5.4077
  82  0.744891  3.7564  4.5342 -0.2453  5.3184  5.6748  5.3073  5.1762  5.1484  5.1394  5.3613
  83  0.749457  3.7584  4.5265 -0.2270  5.2737  5.6232  5.2616  5.1335  5.1073  5.0997  5.3154
  84  0.753959  3.7603  4.5187 -0.2088  5.2294  5.5723  5.2165  5.0911  5.0665  5.0602  5.2699
  85  0.758382  3.7622  4.5106 -0.1907  5.1857  5.5222  5.1719  5.0492  5.0261  5.0210  5.2250
  86  0.762729  3.7639  4.5023 -0.1729  5.1425  5.4728  5.1280  5.0078  4.9862  4.9822  5.1807
  87  0.766997  3.7656  4.4939 -0.1552  5.1001  5.4241  5.0848  4.9673  4.9471  4.9442  5.1372
  88  0.771189  3.7673  4.4852 -0.1377  5.0581  5.3761  5.0421  4.9271  4.9083  4.9064  5.0941
  89  0.775308  3.7688  4.4764 -0.1204  5.0166  5.3287  5.0000  4.8873  4.8698  4.8690  5.0516
  90  0.779352  3.7703  4.4675 -0.1032  4.9755  5.2821  4.9582  4.8479  4.8316  4.8317  5.0095
  91  0.783326  3.7717  4.4585 -0.0863  4.9348  5.2361  4.9170  4.8089  4.7937  4.7947  4.9679
  92  0.787229  3.7731  4.4493 -0.0695  4.8944  5.1907  4.8761  4.7701  4.7561  4.7579  4.9267
  93  0.791066  3.7744  4.4400 -0.0528  4.8545  5.1458  4.8355  4.7316  4.7187  4.7214  4.8859
  94  0.794835  3.7757  4.4307 -0.0364  4.8148  5.1015  4.7954  4.6935  4.6816  4.6851  4.8454
  95  0.798541  3.7769  4.4214 -0.0200  4.7755  5.0577  4.7556  4.6556  4.6447  4.6490  4.8053
  96  0.802189  3.7781  4.4120 -0.0039  4.7365  5.0143  4.7161  4.6180  4.6081  4.6130  4.7655
  97  0.805781  3.7793  4.4025  0.0122  4.6975  4.9713  4.6766  4.5803  4.5714  4.5770  4.7258
  98  0.809315  3.7804  4.3930  0.0281  4.6589  4.9289  4.6374  4.5428  4.5349  4.5411  4.6865
  99  0.812783  3.7815  4.3835  0.0438  4.6206  4.8870  4.5987  4.5058  4.4987  4.5055  4.6475
 100  0.816178  3.7826  4.3740  0.0594  4.5827  4.8456  4.5603  4.4690  4.4628  4.4702  4.6090
 101  0.819502  3.7836  4.3645  0.0747  4.5453  4.8047  4.5224  4.4327  4.4273  4.4352  4.5709
 102  0.822755  3.7845  4.3549  0.0899  4.5082  4.7644  4.4849  4.3967  4.3921  4.4006  4.5333
 103  0.825932  3.7855  4.3454  0.1049  4.4716  4.7247  4.4479  4.3611  4.3573  4.3663  4.4961
 104  0.829042  3.7864  4.3359  0.1197  4.4354  4.6855  4.4113  4.3260  4.3229  4.3323  4.4593
 105  0.832087  3.7873  4.3263  0.1344  4.3997  4.6469  4.3752  4.2912  4.2888  4.2987  4.4230
 106  0.835073  3.7881  4.3168  0.1488  4.3643  4.6088  4.3395  4.2568  4.2551  4.2654  4.3872
 107  0.838005  3.7889  4.3073  0.1631  4.3294  4.5713  4.3043  4.2228  4.2217  4.2324  4.3518
 108  0.840890  3.7897  4.2977  0.1772  4.2949  4.5343  4.2694  4.1891  4.1887  4.1998  4.3169
 109  0.843726  3.7904  4.2881  0.1911  4.2609  4.4979  4.2351  4.1559  4.1559  4.1674  4.2824
 110  0.846452  3.7911  4.2785  0.2048  4.2273  4.4621  4.2012  4.1231  4.1237  4.1355  4.2484
 111  0.849019  3.7918  4.2692  0.2182  4.1943  4.4268  4.1679  4.0909  4.0921  4.1042  4.2150
 112  0.850036  3.7921  4.2654  0.2236  4.1810  4.4126  4.1545  4.0779  4.0793  4.0916  4.2015
 113  0.851049  3.7923  4.2615  0.2291  4.1676  4.3983  4.1410  4.0648  4.0664  4.0788  4.1880
 114  0.852059  3.7926  4.2575  0.2346  4.1540  4.3839  4.1273  4.0516  4.0533  4.0659  4.1743
 115  0.853064  3.7928  4.2533  0.2402  4.1403  4.3694  4.1135  4.0382  4.0401  4.0527  4.1604
 116  0.854065  3.7930  4.2491  0.2458  4.1265  4.3548  4.0996  4.0246  4.0266  4.0394  4.1464
 117  0.855061  3.7932  4.2447  0.2515  4.1125  4.3402  4.0855  4.0108  4.0130  4.0259  4.1323
 118  0.856054  3.7934  4.2402  0.2573  4.0983  4.3254  4.0713  3.9969  3.9993  4.0122  4.1181
 119  0.857043  3.7936  4.2357  0.2630  4.0841  4.3105  4.0570  3.9829  3.9854  3.9984  4.1037
 120  0.858028  3.7938  4.2310  0.2689  4.0697  4.2955  4.0425  3.9687  3.9713  3.9844  4.0892
 121  0.859009  3.7939  4.2262  0.2747  4.0552  4.2804  4.0280  3.9544  3.9571  3.9703  4.0746
 122  0.859988  3.7941  4.2214  0.2807  4.0406  4.2653  4.0133  3.9400  3.9428  3.9560  4.0599
 123  0.860954  3.7942  4.2165  0.2867  4.0257  4.2499  3.9984  3.9254  3.9282  3.9416  4.0450
 124  0.861920  3.7943  4.2115  0.2927  4.0108  4.2345  3.9835  3.9106  3.9136  3.9270  4.0300
 125  0.862884  3.7945  4.2064  0.2987  3.9958  4.2191  3.9684  3.8958  3.8989  3.9123  4.0149
 126  0.863846  3.7946  4.2012  0.3048  3.9807  4.2036  3.9533  3.8809  3.8840  3.8975  3.9998
 127  0.864805  3.7947  4.1960  0.3109  3.9655  4.1880  3.9381  3.8658  3.8690  3.8825  3.9845
 128  0.865760  3.7947  4.1906  0.3171  3.9502  4.1724  3.9227  3.8506  3.8538  3.8674  3.9692
 129  0.866710  3.7948  4.1851  0.3233  3.9348  4.1567  3.9073  3.8353  3.8385  3.8521  3.9537
 130  0.867657  3.7948  4.1795  0.3295  3.9193  4.1410  3.8918  3.8199  3.8231  3.8367  3.9381
 131  0.868600  3.7948  4.1738  0.3358  3.9036  4.1252  3.8761  3.8043  3.8075  3.8211  3.9225
 132  0.869537  3.7948  4.1679  0.3421  3.8878  4.1094  3.8603  3.7885  3.7917  3.8052  3.9067
 133  0.870469  3.7948  4.1618  0.3484  3.8719  4.0935  3.8444  3.7726  3.7757  3.7892  3.8908
 134  0.871395  3.7947  4.1556  0.3548  3.8559  4.0776  3.8284  3.7565  3.7596  3.7730  3.8748
 135  0.872315  3.7946  4.1493  0.3612  3.8397  4.0617  3.8123  3.7403  3.7433  3.7567  3.8587
 136  0.873229  3.7945  4.1428  0.3677  3.8234  4.0457  3.7961  3.7239  3.7268  3.7401  3.8425
 137  0.874136  3.7944  4.1362  0.3742  3.8070  4.0297  3.7798  3.7074  3.7101  3.7233  3.8262
 138  0.875038  3.7942  4.1293  0.3807  3.7905  4.0136  3.7633  3.6907  3.6933  3.7064  3.8097
 139  0.875932  3.7939  4.1223  0.3873  3.7739  3.9976  3.7468  3.6739  3.6762  3.6892  3.7932
 140  0.876819  3.7937  4.1151  0.3939  3.7571  3.9815  3.7301  3.6568  3.6590  3.6718  3.7766
 141  0.877699  3.7934  4.1078  0.4005  3.7402  3.9654  3.7134  3.6397  3.6416  3.6542  3.7599
 142  0.878571  3.7930  4.1001  0.4072  3.7231  3.9494  3.6965  3.6223  3.6239  3.6363  3.7430
 143  0.879436  3.7927  4.0923  0.4139  3.7060  3.9334  3.6795  3.6048  3.6060  3.6182  3.7261
 144  0.880293  3.7922  4.0842  0.4206  3.6888  3.9174  3.6625  3.5872  3.5880  3.6000  3.7091
 145  0.881141  3.7917  4.0760  0.4274  3.6714  3.9015  3.6454  3.5694  3.5698  3.5815  3.6921
 146  0.881983  3.7912  4.0675  0.4341  3.6540  3.8856  3.6282  3.5514  3.5514  3.5628  3.6750
 147  0.882815  3.7906  4.0588  0.4410  3.6365  3.8697  3.6110  3.5333  3.5328  3.5439  3.6578
 148  0.883640  3.7900  4.0498  0.4478  3.6189  3.8540  3.5937  3.5151  3.5140  3.5247  3.6406
 149  0.884457  3.7893  4.0404  0.4546  3.6012  3.8385  3.5763  3.4966  3.4949  3.5053  3.6233
 150  0.885266  3.7884  4.0306  0.4615  3.5833  3.8231  3.5589  3.4780  3.4756  3.4854  3.6060
 151  0.886067  3.7874  4.0202  0.4683  3.5654  3.8082  3.5414  3.4590  3.4558  3.4651  3.5886
 152  0.886860  3.7863  4.0091  0.4752  3.5474  3.7938  3.5240  3.4398  3.4355  3.4442  3.5713
 153  0.887642  3.7848  3.9967  0.4820  3.5293  3.7803  3.5066  3.4202  3.4146  3.4225  3.5541
 154  0.888419  3.7832  3.9840  0.4887  3.5112  3.7671  3.4893  3.4005  3.3936  3.4006  3.5370
 155  0.889187  3.7813  3.9699  0.4954  3.4931  3.7552  3.4722  3.3805  3.3719  3.3778  3.5202
 156  0.889957  3.7793  3.9558  0.5020  3.4751  3.7434  3.4551  3.3604  3.3501  3.3549  3.5033
 157  0.890722  3.7769  3.9401  0.5085  3.4569  3.7331  3.4381  3.3397  3.3274  3.3307  3.4866
 158  0.891495  3.7744  3.9241  0.5150  3.4385  3.7231  3.4208  3.3187  3.3043  3.3060  3.4698
 159  0.892295  3.7719  3.9082  0.5214  3.4202  3.7132  3.4036  3.2977  3.2813  3.2814  3.4530
 160  0.893126  3.7693  3.8919  0.5277  3.4021  3.7042  3.3866  3.2768  3.2582  3.2567  3.4366
 161  0.893979  3.7661  3.8736  0.5336  3.3847  3.6981  3.3706  3.2560  3.2347  3.2310  3.4212
 162  0.894629  3.7631  3.8580  0.5373  3.3728  3.6971  3.3602  3.2409  3.2170  3.2114  3.4114
 163  0.895278  3.7596  3.8410  0.5408  3.3621  3.6985  3.3513  3.2266  3.1997  3.1919  3.4029
 164  0.895925  3.7558  3.8227  0.5440  3.3523  3.7025  3.3436  3.2128  3.1825  3.1722  3.3957
 165  0.896569  3.7515  3.8026  0.5473  3.3425  3.7082  3.3362  3.1987  3.1644  3.1514  3.3889
 166  0.897204  3.7470  3.7806  0.5515  3.3308  3.7130  3.3271  3.1825  3.1440  3.1280  3.3804
 167  0.897818  3.7425  3.7570  0.5576  3.3150  3.7138  3.3140  3.1622  3.1195  3.1005  3.3676
 168  0.898392  3.7385  3.7327  0.5660  3.2938  3.7080  3.2954  3.1370  3.0905  3.0687  3.3495
 169  0.898913  3.7350  3.7087  0.5764  3.2678  3.6950  3.2716  3.1077  3.0579  3.0337  3.3259
 170  0.899382  3.7322  3.6858  0.5884  3.2384  3.6761  3.2439  3.0756  3.0230  2.9969  3.2985
 171  0.899808  3.7300  3.6641  0.6013  3.2067  3.6530  3.2138  3.0418  2.9870  2.9594  3.2685
 172  0.900200  3.7281  3.6434  0.6148  3.1736  3.6269  3.1819  3.0070  2.9504  2.9214  3.2368
 173  0.900567  3.7266  3.6236  0.6287  3.1395  3.5986  3.1489  2.9715  2.9134  2.8833  3.2038
 174  0.900915  3.7253  3.6045  0.6428  3.1048  3.5688  3.1152  2.9357  2.8762  2.8452  3.1701
 175  0.901247  3.7242  3.5859  0.6571  3.0696  3.5377  3.0807  2.8994  2.8389  2.8071  3.1357
 176  0.901567  3.7232  3.5677  0.6715  3.0342  3.5060  3.0461  2.8632  2.8016  2.7691  3.1011
 177  0.901878  3.7224  3.5500  0.6860  2.9985  3.4735  3.0110  2.8268  2.7643  2.7312  3.0660
 178  0.902180  3.7216  3.5326  0.7005  2.9626  3.4404  2.9757  2.7902  2.7270  2.6933  3.0307
 179  0.902475  3.7210  3.5155  0.7151  2.9266  3.4069  2.9403  2.7537  2.6897  2.6555  2.9953
 180  0.902766  3.7203  3.4986  0.7297  2.8905  3.3732  2.9047  2.7171  2.6524  2.6178  2.9597
 181  0.903052  3.7197  3.4817  0.7443  2.8544  3.3393  2.8691  2.6805  2.6152  2.5801  2.9240
 182  0.903336  3.7192  3.4648  0.7591  2.8180  3.3050  2.8331  2.6435  2.5776  2.5422  2.8880
 183  0.903620  3.7186  3.4479  0.7740  2.7810  3.2701  2.7966  2.6061  2.5396  2.5038  2.8515
 184  0.903904  3.7181  3.4309  0.7891  2.7436  3.2346  2.7597  2.5683  2.5012  2.4650  2.8145
 185  0.904187  3.7177  3.4140  0.8043  2.7060  3.1988  2.7225  2.5303  2.4626  2.4261  2.7773
 186  0.904470  3.7172  3.3970  0.8197  2.6680  3.1625  2.6849  2.4919  2.4238  2.3869  2.7397
 187  0.904753  3.7168  3.3799  0.8352  2.6296  3.1258  2.6469  2.4532  2.3845  2.3474  2.7017
 188  0.905036  3.7164  3.3625  0.8509  2.5907  3.0886  2.6084  2.4138  2.3446  2.3072  2.6631
 189  0.905317  3.7159  3.3450  0.8669  2.5512  3.0508  2.5693  2.3739  2.3043  2.2665  2.6240
 190  0.905597  3.7155  3.3273  0.8830  2.5111  3.0123  2.5296  2.3335  2.2633  2.2253  2.5842
 191  0.905877  3.7151  3.3092  0.8995  2.4703  2.9731  2.4892  2.2923  2.2216  2.1832  2.5438
 192  0.906156  3.7147  3.2911  0.9161  2.4293  2.9338  2.4487  2.2510  2.1797  2.1411  2.5032
 193  0.906430  3.7142  3.2721  0.9335  2.3863  2.8924  2.4061  2.2076  2.1357  2.0969  2.4605
 194  0.906698  3.7138  3.2519  0.9519  2.3406  2.8486  2.3608  2.1615  2.0891  2.0499  2.4152
 195  0.906960  3.7133  3.2308  0.9712  2.2928  2.8027  2.3135  2.1132  2.0402  2.0007  2.3679
 196  0.907213  3.7127  3.2083  0.9917  2.2421  2.7541  2.2634  2.0621  1.9884  1.9486  2.3177
 197  0.907458  3.7122  3.1847  1.0132  2.1890  2.7033  2.2109  2.0085  1.9341  1.8939  2.2651
 198  0.907698  3.7116  3.1605  1.0351  2.1347  2.6514  2.1572  1.9537  1.8786  1.8379  2.2113
 199  0.907930  3.7109  3.1353  1.0579  2.0784  2.5976  2.1015  1.8968  1.8209  1.7798  2.1555
 200  0.908157  3.7103  3.1095  1.0812  2.0207  2.5426  2.0445  1.8386  1.7618  1.7203  2.0985
 201  0.908378  3.7096  3.0828  1.1052  1.9616  2.4864  1.9861  1.7789  1.7012  1.6592  2.0400
 202  0.908592  3.7089  3.0556  1.1296  1.9013  2.4291  1.9264  1.7179  1.6393  1.5968  1.9803
 203  0.908800  3.7081  3.0274  1.1546  1.8395  2.3707  1.8655  1.6554  1.5758  1.5328  1.9193
 204  0.909002  3.7072  2.9988  1.1801  1.7768  2.3114  1.8036  1.5920  1.5113  1.4677  1.8573
 205  0.909197  3.7063  2.9691  1.2061  1.7128  2.2513  1.7405  1.5272  1.4453  1.4011  1.7941
 206  0.909385  3.7053  2.9389  1.2326  1.6478  2.1904  1.6765  1.4613  1.3783  1.3333  1.7300
 207  0.909567  3.7043  2.9080  1.2594  1.5819  2.1287  1.6116  1.3946  1.3102  1.2645  1.6650
 208  0.909742  3.7032  2.8765  1.2867  1.5150  2.0663  1.5458  1.3267  1.2410  1.1945  1.5991
 209  0.909911  3.7021  2.8444  1.3144  1.4472  2.0033  1.4791  1.2579  1.1709  1.1236  1.5323
 210  0.910073  3.7009  2.8118  1.3424  1.3786  1.9397  1.4117  1.1883  1.0998  1.0516  1.4648
 211  0.910228  3.6996  2.7783  1.3708  1.3094  1.8761  1.3438  1.1180  1.0278  0.9787  1.3967
 212  0.910377  3.6985  2.7451  1.3995  1.2390  1.8110  1.2746  1.0466  0.9551  0.9051  1.3274
 213  0.910519  3.6972  2.7108  1.4285  1.1681  1.7463  1.2050  0.9743  0.8813  0.8302  1.2577
 214  0.910655  3.6958  2.6762  1.4578  1.0964  1.6809  1.1346  0.9014  0.8068  0.7547  1.1873
 215  0.910784  3.6945  2.6416  1.4873  1.0241  1.6149  1.0636  0.8278  0.7317  0.6787  1.1162
 216  0.910908  3.6932  2.6064  1.5171  0.9514  1.5489  0.9922  0.7536  0.6561  0.6019  1.0447
 217  0.910927  3.6930  2.6010  1.5216  0.9403  1.5388  0.9813  0.7423  0.6445  0.5902  1.0338
 218  0.910945  3.6927  2.5955  1.5263  0.9290  1.5287  0.9703  0.7308  0.6327  0.5783  1.0228
 219  0.910963  3.6925  2.5901  1.5308  0.9178  1.5185  0.9593  0.7194  0.6211  0.5664  1.0118
 220  0.910982  3.6923  2.5845  1.5355  0.9064  1.5083  0.9481  0.7077  0.6092  0.5544  1.0006
 221  0.911000  3.6921  2.5790  1.5402  0.8950  1.4980  0.9370  0.6961  0.5974  0.5424  0.9894
 222  0.911018  3.6919  2.5735  1.5448  0.8836  1.4877  0.9258  0.6845  0.5855  0.5303  0.9782
 223  0.911036  3.6916  2.5679  1.5495  0.8722  1.4774  0.9146  0.6728  0.5735  0.5182  0.9670
 224  0.911054  3.6914  2.5623  1.5543  0.8606  1.4670  0.9032  0.6610  0.5615  0.5060  0.9557
 225  0.911072  3.6912  2.5566  1.5590  0.8492  1.4567  0.8920  0.6493  0.5495  0.4939  0.9444
 226  0.911090  3.6910  2.5510  1.5637  0.8375  1.4462  0.8806  0.6375  0.5374  0.4816  0.9330
 227  0.911262  3.6886  2.4934  1.6120  0.7199  1.3408  0.7654  0.5174  0.4146  0.3570  0.8177
 228  0.911414  3.6861  2.4378  1.6579  0.6082  1.2421  0.6562  0.4030  0.2975  0.2380  0.7083
 229  0.911554  3.6837  2.3829  1.7030  0.4986  1.1458  0.5492  0.2907  0.1824  0.1211  0.6012
 230  0.911682  3.6813  2.3304  1.7460  0.3942  1.0546  0.4475  0.1838  0.0728  0.0097  0.4993
 231  0.911802  3.6791  2.2824  1.7854  0.2994  0.9715  0.3551  0.0867 -0.0270 -0.0917  0.4066
 232  0.911911  3.6778  2.2519  1.8105  0.2386  0.9181  0.2959  0.0245 -0.0908 -0.1565  0.3473
 233  0.912019  3.6787  2.2647  1.8015  0.2596  0.9341  0.3158  0.0464 -0.0678 -0.1328  0.3673
 234  0.912145  3.6798  2.2810  1.7894  0.2882  0.9572  0.3433  0.0761 -0.0368 -0.1010  0.3949
 235  0.912272  3.6768  2.2163  1.8424  0.1607  0.8458  0.2192 -0.0545 -0.1711 -0.2375  0.2704
 236  0.912386  3.6736  2.1489  1.8968  0.0303  0.7334  0.0928 -0.1881 -0.3088 -0.3776  0.1435
 237  0.912486  3.6704  2.0839  1.9493 -0.0948  0.6262 -0.0282 -0.3163 -0.4411 -0.5124  0.0219
 238  0.912576  3.6673  2.0204  2.0004 -0.2158  0.5231 -0.1452 -0.4405 -0.5694 -0.6432 -0.0957
 239  0.912656  3.6641  1.9581  2.0502 -0.3329  0.4247 -0.2579 -0.5607 -0.6940 -0.7703 -0.2092
 240  0.912727  3.6610  1.8968  2.0987 -0.4465  0.3305 -0.3669 -0.6774 -0.8151 -0.8941 -0.3190
 241  0.912792  3.6578  1.8367  2.1462 -0.5571  0.2396 -0.4729 -0.7911 -0.9333 -1.0150 -0.4258
 242  0.912850  3.6546  1.7773  2.1929 -0.6656  0.1513 -0.5766 -0.9028 -1.0494 -1.1339 -0.5304
 243  0.912901  3.6515  1.7199  2.2380 -0.7697  0.0673 -0.6760 -1.0100 -1.1611 -1.2482 -0.6307
 244  0.912948  3.6484  1.6628  2.2826 -0.8724 -0.0145 -0.7736 -1.1157 -1.2713 -1.3612 -0.7293
 245  0.912991  3.6454  1.6072  2.3261 -0.9720 -0.0932 -0.8681 -1.2182 -1.3784 -1.4711 -0.8249
 246  0.913029  3.6423  1.5527  2.3684 -1.0686 -0.1686 -0.9596 -1.3178 -1.4825 -1.5779 -0.9175
 247  0.913064  3.6393  1.4995  2.4096 -1.1622 -0.2406 -1.0480 -1.4143 -1.5835 -1.6817 -1.0071
 248  0.913096  3.6362  1.4460  2.4507 -1.2546 -0.3100 -1.1348 -1.5097 -1.6838 -1.7849 -1.0951
 249  0.913125  3.6332  1.3945  2.4901 -1.3428 -0.3753 -1.2172 -1.6009 -1.7798 -1.8838 -1.1790
 250  0.913151  3.6301  1.3435  2.5289 -1.4289 -0.4378 -1.2972 -1.6899 -1.8738 -1.9809 -1.2605
 251  0.913175  3.6271  1.2934  2.5670 -1.5128 -0.4977 -1.3746 -1.7767 -1.9659 -2.0760 -1.3398
 252  0.913198  3.6242  1.2442  2.6043 -1.5947 -0.5551 -1.4496 -1.8613 -2.0558 -2.1691 -1.4168
 253  0.913218  3.6213  1.1964  2.6406 -1.6736 -0.6093 -1.5218 -1.9430 -2.1428 -2.2591 -1.4909
 254  0.913237  3.6184  1.1494  2.6761 -1.7503 -0.6608 -1.5916 -2.0224 -2.2277 -2.3472 -1.5627
 255  0.913254  3.6156  1.1034  2.7109 -1.8249 -0.7101 -1.6590 -2.0997 -2.3106 -2.4332 -1.6324
 256  0.913270  3.6128  1.0584  2.7449 -1.8975 -0.7571 -1.7238 -2.1748 -2.3914 -2.5173 -1.6997
 257  0.913285  3.6101  1.0142  2.7783 -1.9685 -0.8021 -1.7866 -2.2483 -2.4709 -2.5999 -1.7653
 258  0.913299  3.6074  0.9709  2.8108 -2.0366 -0.8439 -1.8459 -2.3189 -2.5476 -2.6799 -1.8278
 259  0.913312  3.6048  0.9284  2.8426 -2.1029 -0.8834 -1.9028 -2.3876 -2.6228 -2.7584 -1.8883
 260  0.913323  3.6021  0.8868  2.8737 -2.1672 -0.9209 -1.9572 -2.4542 -2.6961 -2.8350 -1.9467
 261  0.913335  3.5996  0.8463  2.9040 -2.2297 -0.9571 -2.0105 -2.5189 -2.7675 -2.9095 -2.0034
 262  0.913345  3.5971  0.8064  2.9338 -2.2906 -0.9912 -2.0616 -2.5819 -2.8374 -2.9826 -2.0583
 263  0.913355  3.5946  0.7676  2.9628 -2.3494 -1.0233 -2.1098 -2.6428 -2.9054 -3.0537 -2.1108
 264  0.913364  3.5922  0.7294  2.9914 -2.4068 -1.0535 -2.1558 -2.7022 -2.9723 -3.1239 -2.1617
 265  0.913372  3.5898  0.6921  3.0192 -2.4623 -1.0816 -2.1988 -2.7596 -3.0374 -3.1922 -2.2104
 266  0.913380  3.5875  0.6553  3.0467 -2.5165 -1.1081 -2.2396 -2.8156 -3.1015 -3.2596 -2.2574
 267  0.913388  3.5852  0.6195  3.0733 -2.5687 -1.1322 -2.2773 -2.8695 -3.1636 -3.3252 -2.3019
 268  0.913395  3.5830  0.5846  3.0993 -2.6189 -1.1541 -2.3120 -2.9214 -3.2241 -3.3891 -2.3443
 269  0.913401  3.5807  0.5501  3.1249 -2.6676 -1.1739 -2.3440 -2.9717 -3.2835 -3.4521 -2.3847
 270  0.913408  3.5786  0.5164  3.1499 -2.7150 -1.1929 -2.3745 -3.0208 -3.3420 -3.5138 -2.4236
 271  0.913414  3.5764  0.4832  3.1743 -2.7604 -1.2089 -2.4019 -3.0681 -3.3993 -3.5745 -2.4600
 272  0.913419  3.5742  0.4508  3.1981 -2.8040 -1.2222 -2.4260 -3.1135 -3.4552 -3.6338 -2.4940
 273  0.913424  3.5721  0.4188  3.2215 -2.8461 -1.2332 -2.4468 -3.1573 -3.5100 -3.6922 -2.5260
 274  0.913429  3.5700  0.3875  3.2444 -2.8866 -1.2423 -2.4645 -3.1993 -3.5632 -3.7491 -2.5559
 275  0.913434  3.5677  0.3561  3.2667 -2.9239 -1.2450 -2.4750 -3.2380 -3.6145 -3.8048 -2.5811
 276  0.913439  3.5656  0.3259  3.2884 -2.9603 -1.2478 -2.4839 -3.2754 -3.6644 -3.8589 -2.6054
 277  0.913443  3.5636  0.2968  3.3095 -2.9956 -1.2500 -2.4910 -3.3115 -3.7127 -3.9115 -2.6286
 278  0.913447  3.5617  0.2688  3.3299 -3.0290 -1.2506 -2.4951 -3.3455 -3.7589 -3.9621 -2.6497
 279  0.913451  3.5599  0.2437  3.3480 -3.0583 -1.2492 -2.4958 -3.3751 -3.7998 -4.0073 -2.6673


