#AGE=10.000 EEPS=268
#EEP   M/Mo    LogTeff  LogG   LogL/Lo open    gp1     rp1     ip1     zp1     yp1     wp1     
  11  0.099259  3.5327  5.3924 -2.8733 12.2030 14.1407 12.7059 11.8573 11.4894 11.3108 12.5627
  12  0.109345  3.5397  5.3443 -2.7552 11.8932 13.7501 12.3396 11.5539 11.2053 11.0302 12.2312
  13  0.120263  3.5468  5.2951 -2.6366 11.5811 13.3613 11.9777 11.2479 10.9177 10.7467 11.8991
  14  0.133177  3.5542  5.2454 -2.5128 11.2543 12.9580 11.6060 10.9271 10.6152 10.4492 11.5532
  15  0.148409  3.5618  5.2004 -2.3904 10.9311 12.5610 11.2448 10.6096 10.3148 10.1541 11.2127
  16  0.164593  3.5687  5.1656 -2.2831 10.6479 12.2130 10.9325 10.3312 10.0507  9.8950 10.9153
  17  0.179484  3.5742  5.1391 -2.1970 10.4209 11.9350 10.6854 10.1081  9.8381  9.6867 10.6778
  18  0.192887  3.5784  5.1172 -2.1268 10.2367 11.7115 10.4872  9.9269  9.6646  9.5164 10.4861
  19  0.205911  3.5820  5.0970 -2.0640 10.0731 11.5149 10.3127  9.7660  9.5097  9.3642 10.3163
  20  0.219574  3.5852  5.0779 -2.0040  9.9171 11.3288 10.1475  9.6125  9.3614  9.2184 10.1550
  21  0.234322  3.5884  5.0594 -1.9448  9.7638 11.1468  9.9861  9.4617  9.2155  9.0748  9.9968
  22  0.249933  3.5914  5.0419 -1.8874  9.6152 10.9703  9.8300  9.3156  9.0739  8.9355  9.8435
  23  0.269216  3.5947  5.0235 -1.8232  9.4496 10.7730  9.6565  9.1528  8.9159  8.7800  9.6728
  24  0.287942  3.5977  5.0075 -1.7661  9.3025 10.5981  9.5029  9.0083  8.7755  8.6419  9.5213
  25  0.301464  3.5997  4.9967 -1.7274  9.2025 10.4794  9.3987  8.9101  8.6800  8.5480  9.4184
  26  0.310186  3.6009  4.9904 -1.7039  9.1421 10.4078  9.3358  8.8507  8.6222  8.4911  9.3562
  27  0.316282  3.6017  4.9864 -1.6882  9.1016 10.3600  9.2937  8.8109  8.5835  8.4530  9.3146
  28  0.320747  3.6023  4.9835 -1.6769  9.0724 10.3254  9.2633  8.7822  8.5556  8.4256  9.2846
  29  0.324435  3.6028  4.9812 -1.6676  9.0483 10.2968  9.2383  8.7586  8.5327  8.4031  9.2598
  30  0.328235  3.6033  4.9799 -1.6590  9.0260 10.2698  9.2149  8.7368  8.5116  8.3824  9.2367
  31  0.332516  3.6039  4.9775 -1.6487  8.9992 10.2378  9.1869  8.7105  8.4860  8.3573  9.2091
  32  0.336997  3.6045  4.9743 -1.6372  8.9694 10.2024  9.1559  8.6812  8.4576  8.3294  9.1784
  33  0.344108  3.6055  4.9702 -1.6200  8.9248 10.1490  9.1094  8.6375  8.4152  8.2878  9.1324
  34  0.350847  3.6065  4.9641 -1.6015  8.8767 10.0918  9.0593  8.5902  8.3692  8.2427  9.0829
  35  0.365815  3.6091  4.9505 -1.5595  8.7675  9.9602  8.9453  8.4832  8.2657  8.1413  8.9701
  36  0.388427  3.6139  4.9269 -1.4904  8.5862  9.7376  8.7550  8.3061  8.0951  7.9748  8.7821
  37  0.413385  3.6203  4.8982 -1.4092  8.3715  9.4708  8.5285  8.0969  7.8948  7.7798  8.5586
  38  0.436967  3.6277  4.8684 -1.3260  8.1500  9.1922  8.2937  7.8819  7.6902  7.5813  8.3271
  39  0.453757  3.6338  4.8476 -1.2641  7.9840  8.9793  8.1164  7.7214  7.5388  7.4351  8.1526
  40  0.466040  3.6390  4.8326 -1.2166  7.8554  8.8106  7.9781  7.5980  7.4234  7.3241  8.0167
  41  0.476461  3.6440  4.8202 -1.1749  7.7419  8.6598  7.8558  7.4895  7.3224  7.2273  7.8964
  42  0.485779  3.6487  4.8095 -1.1368  7.6385  8.5220  7.7444  7.3909  7.2306  7.1395  7.7866
  43  0.494590  3.6534  4.8000 -1.1007  7.5403  8.3909  7.6388  7.2975  7.1438  7.0566  7.6824
  44  0.502978  3.6580  4.7915 -1.0664  7.4469  8.2659  7.5383  7.2089  7.0617  6.9784  7.5832
  45  0.510542  3.6624  4.7843 -1.0351  7.3617  8.1514  7.4466  7.1283  6.9872  6.9076  7.4925
  46  0.517689  3.6668  4.7779 -1.0052  7.2800  8.0413  7.3587  7.0512  6.9163  6.8403  7.4055
  47  0.524841  3.6714  4.7718 -0.9749  7.1977  7.9306  7.2703  6.9736  6.8448  6.7727  7.3178
  48  0.532432  3.6763  4.7656 -0.9427  7.1107  7.8149  7.1773  6.8915  6.7689  6.7010  7.2254
  49  0.540798  3.6818  4.7590 -0.9074  7.0157  7.6902  7.0762  6.8017  6.6858  6.6223  7.1248
  50  0.550090  3.6879  4.7516 -0.8683  6.9117  7.5553  6.9659  6.7034  6.5945  6.5359  7.0149
  51  0.560096  3.6944  4.7436 -0.8263  6.8008  7.4131  6.8486  6.5985  6.4970  6.4436  6.8979
  52  0.565243  3.6978  4.7396 -0.8047  6.7440  7.3406  6.7886  6.5449  6.4472  6.3965  6.8381
  53  0.570427  3.7013  4.7356 -0.7829  6.6873  7.2678  6.7285  6.4914  6.3975  6.3495  6.7782
  54  0.575612  3.7047  4.7314 -0.7610  6.6309  7.1956  6.6689  6.4383  6.3483  6.3030  6.7187
  55  0.580774  3.7081  4.7273 -0.7393  6.5752  7.1247  6.6101  6.3858  6.2995  6.2570  6.6600
  56  0.585891  3.7115  4.7230 -0.7179  6.5205  7.0558  6.5526  6.3342  6.2514  6.2113  6.6025
  57  0.590943  3.7148  4.7187 -0.6967  6.4669  6.9888  6.4964  6.2836  6.2041  6.1665  6.5464
  58  0.595920  3.7179  4.7142 -0.6760  6.4146  6.9237  6.4417  6.2342  6.1578  6.1226  6.4916
  59  0.600807  3.7210  4.7097 -0.6556  6.3637  6.8605  6.3884  6.1861  6.1128  6.0798  6.4383
  60  0.605624  3.7240  4.7050 -0.6356  6.3139  6.7988  6.3364  6.1390  6.0686  6.0379  6.3862
  61  0.610378  3.7269  4.7003 -0.6158  6.2650  6.7384  6.2853  6.0928  6.0253  5.9966  6.3350
  62  0.615074  3.7297  4.6955 -0.5962  6.2169  6.6792  6.2351  6.0474  5.9826  5.9560  6.2847
  63  0.619707  3.7325  4.6906 -0.5770  6.1696  6.6212  6.1859  6.0028  5.9407  5.9161  6.2354
  64  0.624277  3.7353  4.6857 -0.5579  6.1232  6.5644  6.1376  5.9589  5.8995  5.8768  6.1870
  65  0.628784  3.7379  4.6807 -0.5391  6.0776  6.5087  6.0901  5.9158  5.8590  5.8381  6.1394
  66  0.633233  3.7405  4.6755 -0.5206  6.0326  6.4541  6.0434  5.8734  5.8190  5.7998  6.0925
  67  0.637623  3.7430  4.6703 -0.5022  5.9883  6.4005  5.9975  5.8315  5.7795  5.7621  6.0464
  68  0.641952  3.7455  4.6650 -0.4842  5.9448  6.3478  5.9523  5.7903  5.7406  5.7248  6.0011
  69  0.646213  3.7479  4.6597 -0.4663  5.9019  6.2960  5.9078  5.7499  5.7024  5.6883  5.9565
  70  0.650421  3.7503  4.6543 -0.4487  5.8598  6.2447  5.8641  5.7103  5.6652  5.6526  5.9126
  71  0.654570  3.7526  4.6487 -0.4312  5.8183  6.1941  5.8211  5.6714  5.6285  5.6173  5.8694
  72  0.658648  3.7548  4.6430 -0.4140  5.7774  6.1445  5.7787  5.6329  5.5922  5.5825  5.8268
  73  0.662663  3.7569  4.6373 -0.3970  5.7370  6.0960  5.7368  5.5947  5.5561  5.5478  5.7847
  74  0.666607  3.7590  4.6315 -0.3802  5.6970  6.0486  5.6956  5.5569  5.5202  5.5132  5.7433
  75  0.670491  3.7611  4.6257 -0.3637  5.6576  6.0020  5.6550  5.5195  5.4847  5.4790  5.7025
  76  0.674312  3.7631  4.6198 -0.3474  5.6188  5.9563  5.6150  5.4826  5.4497  5.4452  5.6623
  77  0.678066  3.7650  4.6140 -0.3313  5.5805  5.9114  5.5757  5.4464  5.4153  5.4120  5.6228
  78  0.681756  3.7669  4.6082 -0.3155  5.5429  5.8672  5.5369  5.4107  5.3813  5.3792  5.5839
  79  0.685381  3.7688  4.6024 -0.2999  5.5060  5.8239  5.4989  5.3756  5.3480  5.3470  5.5457
  80  0.688945  3.7707  4.5967 -0.2846  5.4696  5.7812  5.4614  5.3410  5.3152  5.3153  5.5080
  81  0.692437  3.7725  4.5911 -0.2695  5.4338  5.7394  5.4247  5.3071  5.2830  5.2842  5.4711
  82  0.697385  3.7751  4.5831 -0.2481  5.3832  5.6802  5.3726  5.2590  5.2373  5.2400  5.4187
  83  0.702289  3.7776  4.5752 -0.2268  5.3329  5.6214  5.3209  5.2114  5.1920  5.1963  5.3667
  84  0.707155  3.7802  4.5673 -0.2056  5.2831  5.5629  5.2697  5.1642  5.1473  5.1530  5.3152
  85  0.711964  3.7828  4.5594 -0.1846  5.2336  5.5049  5.2188  5.1174  5.1029  5.1100  5.2640
  86  0.716706  3.7853  4.5515 -0.1637  5.1844  5.4475  5.1683  5.0709  5.0588  5.0673  5.2132
  87  0.721367  3.7878  4.5436 -0.1429  5.1355  5.3905  5.1180  5.0245  5.0147  5.0246  5.1627
  88  0.725940  3.7902  4.5354 -0.1222  5.0867  5.3339  5.0680  4.9783  4.9708  4.9820  5.1123
  89  0.730423  3.7927  4.5271 -0.1016  5.0382  5.2778  5.0182  4.9323  4.9271  4.9395  5.0622
  90  0.734813  3.7950  4.5186 -0.0811  4.9896  5.2219  4.9685  4.8861  4.8831  4.8968  5.0122
  91  0.739109  3.7973  4.5098 -0.0606  4.9412  5.1663  4.9189  4.8401  4.8393  4.8541  4.9623
  92  0.743316  3.7995  4.5006 -0.0401  4.8929  5.1108  4.8695  4.7943  4.7957  4.8115  4.9126
  93  0.747435  3.8016  4.4911 -0.0196  4.8452  5.0553  4.8207  4.7491  4.7527  4.7695  4.8634
  94  0.751470  3.8037  4.4812  0.0009  4.7973  4.9999  4.7718  4.7039  4.7096  4.7273  4.8140
  95  0.755414  3.8057  4.4711  0.0214  4.7492  4.9446  4.7227  4.6583  4.6661  4.6846  4.7646
  96  0.759280  3.8077  4.4606  0.0419  4.7004  4.8894  4.6729  4.6117  4.6215  4.6408  4.7144
  97  0.763089  3.8096  4.4498  0.0626  4.6509  4.8342  4.6226  4.5643  4.5760  4.5961  4.6638
  98  0.766817  3.8114  4.4386  0.0832  4.6013  4.7790  4.5720  4.5165  4.5302  4.5509  4.6130
  99  0.770433  3.8132  4.4272  0.1036  4.5519  4.7244  4.5219  4.4691  4.4846  4.5060  4.5626
 100  0.773917  3.8149  4.4157  0.1238  4.5034  4.6706  4.4726  4.4225  4.4397  4.4617  4.5130
 101  0.777289  3.8164  4.4039  0.1438  4.4553  4.6174  4.4237  4.3762  4.3951  4.4176  4.4638
 102  0.780567  3.8180  4.3919  0.1637  4.4073  4.5645  4.3750  4.3301  4.3505  4.3735  4.4149
 103  0.783753  3.8194  4.3797  0.1835  4.3594  4.5119  4.3265  4.2839  4.3059  4.3294  4.3660
 104  0.786849  3.8208  4.3672  0.2032  4.3116  4.4595  4.2779  4.2377  4.2612  4.2851  4.3173
 105  0.789855  3.8221  4.3545  0.2228  4.2639  4.4077  4.2297  4.1916  4.2165  4.2408  4.2687
 106  0.792783  3.8233  4.3416  0.2423  4.2165  4.3563  4.1816  4.1457  4.1719  4.1964  4.2205
 107  0.795631  3.8245  4.3285  0.2615  4.1692  4.3054  4.1339  4.0998  4.1274  4.1522  4.1725
 108  0.798386  3.8256  4.3152  0.2806  4.1224  4.2550  4.0865  4.0544  4.0832  4.1082  4.1250
 109  0.801051  3.8266  4.3020  0.2995  4.0762  4.2054  4.0398  4.0094  4.0394  4.0646  4.0780
 110  0.803640  3.8276  4.2888  0.3180  4.0307  4.1566  3.9938  3.9652  3.9963  4.0217  4.0318
 111  0.806190  3.8286  4.2757  0.3364  3.9855  4.1082  3.9482  3.9213  3.9535  3.9790  3.9860
 112  0.806997  3.8289  4.2715  0.3422  3.9711  4.0928  3.9337  3.9073  3.9399  3.9654  3.9715
 113  0.807809  3.8292  4.2672  0.3481  3.9567  4.0773  3.9190  3.8932  3.9262  3.9517  3.9568
 114  0.808623  3.8295  4.2629  0.3540  3.9420  4.0617  3.9042  3.8789  3.9123  3.9378  3.9419
 115  0.809442  3.8298  4.2585  0.3601  3.9272  4.0459  3.8893  3.8645  3.8982  3.9238  3.9269
 116  0.810265  3.8300  4.2540  0.3662  3.9121  4.0298  3.8741  3.8498  3.8838  3.9095  3.9116
 117  0.811090  3.8303  4.2494  0.3723  3.8969  4.0136  3.8587  3.8349  3.8693  3.8949  3.8962
 118  0.811918  3.8306  4.2446  0.3786  3.8813  3.9971  3.8430  3.8198  3.8545  3.8801  3.8805
 119  0.812747  3.8309  4.2397  0.3850  3.8656  3.9805  3.8271  3.8044  3.8394  3.8651  3.8645
 120  0.813576  3.8311  4.2347  0.3915  3.8495  3.9635  3.8110  3.7887  3.8240  3.8497  3.8483
 121  0.814402  3.8314  4.2296  0.3980  3.8333  3.9464  3.7946  3.7728  3.8084  3.8341  3.8319
 122  0.815226  3.8316  4.2243  0.4047  3.8168  3.9291  3.7780  3.7566  3.7925  3.8182  3.8152
 123  0.816047  3.8318  4.2189  0.4114  3.8001  3.9116  3.7612  3.7403  3.7764  3.8021  3.7984
 124  0.816863  3.8320  4.2133  0.4182  3.7832  3.8940  3.7442  3.7237  3.7601  3.7857  3.7813
 125  0.817673  3.8322  4.2076  0.4250  3.7662  3.8762  3.7271  3.7069  3.7436  3.7692  3.7641
 126  0.818477  3.8323  4.2017  0.4319  3.7489  3.8583  3.7098  3.6899  3.7268  3.7524  3.7468
 127  0.819274  3.8325  4.1958  0.4389  3.7315  3.8404  3.6923  3.6728  3.7099  3.7354  3.7293
 128  0.820063  3.8326  4.1897  0.4459  3.7140  3.8223  3.6747  3.6555  3.6928  3.7182  3.7117
 129  0.820843  3.8327  4.1834  0.4529  3.6964  3.8042  3.6571  3.6381  3.6755  3.7009  3.6939
 130  0.821615  3.8328  4.1771  0.4600  3.6786  3.7860  3.6392  3.6205  3.6580  3.6834  3.6761
 131  0.822379  3.8328  4.1705  0.4671  3.6607  3.7677  3.6213  3.6027  3.6403  3.6656  3.6581
 132  0.823135  3.8328  4.1638  0.4743  3.6426  3.7493  3.6032  3.5847  3.6224  3.6476  3.6400
 133  0.823882  3.8328  4.1569  0.4816  3.6243  3.7309  3.5849  3.5666  3.6043  3.6294  3.6217
 134  0.824620  3.8328  4.1499  0.4889  3.6059  3.7124  3.5665  3.5482  3.5859  3.6110  3.6033
 135  0.825351  3.8327  4.1426  0.4962  3.5873  3.6938  3.5479  3.5296  3.5673  3.5922  3.5847
 136  0.826073  3.8326  4.1351  0.5036  3.5685  3.6751  3.5292  3.5108  3.5484  3.5732  3.5659
 137  0.826787  3.8324  4.1273  0.5111  3.5495  3.6563  3.5103  3.4917  3.5292  3.5539  3.5470
 138  0.827493  3.8322  4.1194  0.5186  3.5303  3.6374  3.4911  3.4724  3.5097  3.5343  3.5279
 139  0.828191  3.8320  4.1111  0.5263  3.5109  3.6185  3.4718  3.4528  3.4899  3.5142  3.5086
 140  0.828881  3.8317  4.1025  0.5340  3.4912  3.5994  3.4522  3.4329  3.4697  3.4939  3.4890
 141  0.829562  3.8313  4.0937  0.5417  3.4713  3.5802  3.4325  3.4126  3.4491  3.4731  3.4693
 142  0.830236  3.8309  4.0845  0.5496  3.4510  3.5610  3.4124  3.3921  3.4281  3.4519  3.4493
 143  0.830899  3.8304  4.0749  0.5575  3.4306  3.5416  3.3922  3.3712  3.4067  3.4303  3.4291
 144  0.831552  3.8298  4.0650  0.5656  3.4098  3.5222  3.3717  3.3499  3.3849  3.4082  3.4086
 145  0.832193  3.8292  4.0547  0.5737  3.3888  3.5028  3.3509  3.3283  3.3627  3.3857  3.3879
 146  0.832823  3.8285  4.0439  0.5819  3.3675  3.4833  3.3300  3.3063  3.3400  3.3627  3.3671
 147  0.833440  3.8276  4.0327  0.5901  3.3459  3.4638  3.3088  3.2840  3.3168  3.3392  3.3460
 148  0.834044  3.8267  4.0211  0.5984  3.3241  3.4444  3.2874  3.2613  3.2932  3.3152  3.3247
 149  0.834634  3.8257  4.0089  0.6068  3.3021  3.4250  3.2659  3.2383  3.2692  3.2908  3.3033
 150  0.835208  3.8246  3.9962  0.6152  3.2799  3.4057  3.2442  3.2150  3.2448  3.2659  3.2817
 151  0.835768  3.8233  3.9829  0.6237  3.2574  3.3866  3.2224  3.1912  3.2197  3.2403  3.2600
 152  0.836311  3.8219  3.9691  0.6323  3.2347  3.3676  3.2002  3.1670  3.1940  3.2141  3.2380
 153  0.836839  3.8204  3.9546  0.6408  3.2115  3.3489  3.1778  3.1423  3.1677  3.1872  3.2159
 154  0.837349  3.8187  3.9395  0.6494  3.1878  3.3305  3.1548  3.1165  3.1402  3.1592  3.1932
 155  0.837842  3.8168  3.9238  0.6580  3.1634  3.3124  3.1313  3.0899  3.1115  3.1300  3.1701
 156  0.838318  3.8148  3.9075  0.6666  3.1388  3.2946  3.1076  3.0628  3.0822  3.1002  3.1468
 157  0.838777  3.8127  3.8904  0.6752  3.1143  3.2773  3.0840  3.0357  3.0527  3.0701  3.1237
 158  0.839218  3.8103  3.8726  0.6838  3.0905  3.2603  3.0613  3.0093  3.0240  3.0404  3.1013
 159  0.839643  3.8078  3.8541  0.6924  3.0668  3.2438  3.0390  2.9831  2.9953  3.0106  3.0792
 160  0.840053  3.8050  3.8348  0.7009  3.0432  3.2279  3.0167  2.9568  2.9662  2.9803  3.0573
 161  0.840447  3.8021  3.8148  0.7094  3.0195  3.2128  2.9946  2.9301  2.9366  2.9494  3.0354
 162  0.840770  3.7994  3.7973  0.7165  2.9995  3.2006  2.9759  2.9075  2.9113  2.9229  3.0171
 163  0.841089  3.7966  3.7789  0.7236  2.9793  3.1886  2.9572  2.8844  2.8854  2.8957  2.9986
 164  0.841405  3.7935  3.7596  0.7309  2.9587  3.1772  2.9382  2.8607  2.8587  2.8675  2.9799
 165  0.841718  3.7903  3.7395  0.7381  2.9373  3.1664  2.9185  2.8358  2.8305  2.8378  2.9608
 166  0.842029  3.7869  3.7188  0.7453  2.9154  3.1564  2.8985  2.8100  2.8011  2.8069  2.9412
 167  0.842335  3.7828  3.6957  0.7524  2.8938  3.1481  2.8791  2.7841  2.7712  2.7750  2.9223
 168  0.842633  3.7779  3.6692  0.7592  2.8728  3.1426  2.8608  2.7582  2.7406  2.7418  2.9045
 169  0.842933  3.7732  3.6439  0.7661  2.8515  3.1373  2.8422  2.7318  2.7096  2.7083  2.8865
 170  0.843237  3.7694  3.6216  0.7733  2.8305  3.1293  2.8234  2.7068  2.6808  2.6774  2.8681
 171  0.843536  3.7657  3.5996  0.7807  2.8091  3.1201  2.8042  2.6818  2.6523  2.6468  2.8492
 172  0.843823  3.7623  3.5781  0.7888  2.7867  3.1090  2.7839  2.6561  2.6233  2.6158  2.8291
 173  0.844096  3.7592  3.5571  0.7975  2.7630  3.0958  2.7621  2.6293  2.5935  2.5841  2.8075
 174  0.844352  3.7565  3.5368  0.8068  2.7380  3.0800  2.7388  2.6016  2.5631  2.5520  2.7844
 175  0.844588  3.7541  3.5174  0.8168  2.7117  3.0618  2.7140  2.5731  2.5324  2.5197  2.7598
 176  0.844808  3.7520  3.4988  0.8272  2.6845  3.0416  2.6881  2.5440  2.5013  2.4873  2.7340
 177  0.845013  3.7502  3.4809  0.8380  2.6566  3.0200  2.6614  2.5143  2.4698  2.4547  2.7074
 178  0.845206  3.7486  3.4635  0.8490  2.6281  2.9973  2.6340  2.4842  2.4381  2.4220  2.6800
 179  0.845388  3.7472  3.4468  0.8603  2.5991  2.9737  2.6059  2.4537  2.4062  2.3892  2.6521
 180  0.845562  3.7459  3.4305  0.8716  2.5699  2.9493  2.5775  2.4231  2.3743  2.3565  2.6238
 181  0.845729  3.7448  3.4146  0.8831  2.5404  2.9243  2.5489  2.3925  2.3425  2.3240  2.5953
 182  0.845895  3.7438  3.3986  0.8951  2.5098  2.8978  2.5191  2.3608  2.3097  2.2906  2.5655
 183  0.846059  3.7428  3.3825  0.9074  2.4785  2.8703  2.4884  2.3284  2.2763  2.2566  2.5349
 184  0.846222  3.7419  3.3663  0.9201  2.4464  2.8417  2.4570  2.2954  2.2424  2.2221  2.5035
 185  0.846384  3.7410  3.3501  0.9330  2.4137  2.8122  2.4249  2.2618  2.2079  2.1871  2.4714
 186  0.846543  3.7402  3.3338  0.9462  2.3804  2.7819  2.3921  2.2277  2.1730  2.1516  2.4387
 187  0.846702  3.7395  3.3174  0.9596  2.3465  2.7507  2.3588  2.1932  2.1377  2.1158  2.4055
 188  0.846859  3.7388  3.3010  0.9732  2.3122  2.7189  2.3250  2.1582  2.1021  2.0797  2.3716
 189  0.847015  3.7381  3.2845  0.9871  2.2773  2.6864  2.2906  2.1227  2.0659  2.0431  2.3373
 190  0.847170  3.7374  3.2679  1.0012  2.2420  2.6533  2.2558  2.0868  2.0294  2.0061  2.3024
 191  0.847323  3.7368  3.2512  1.0154  2.2062  2.6196  2.2204  2.0505  1.9925  1.9688  2.2671
 192  0.847475  3.7362  3.2345  1.0299  2.1700  2.5854  2.1846  2.0138  1.9552  1.9310  2.2313
 193  0.847626  3.7356  3.2175  1.0445  2.1333  2.5507  2.1483  1.9766  1.9174  1.8928  2.1950
 194  0.847776  3.7351  3.2005  1.0593  2.0962  2.5154  2.1116  1.9390  1.8792  1.8542  2.1582
 195  0.847924  3.7345  3.1833  1.0744  2.0585  2.4797  2.0744  1.9009  1.8406  1.8152  2.1210
 196  0.848071  3.7340  3.1660  1.0896  2.0204  2.4434  2.0366  1.8623  1.8015  1.7758  2.0833
 197  0.848217  3.7334  3.1486  1.1050  1.9818  2.4065  1.9984  1.8233  1.7620  1.7358  2.0451
 198  0.848360  3.7329  3.1310  1.1206  1.9428  2.3692  1.9597  1.7838  1.7220  1.6955  2.0064
 199  0.848503  3.7324  3.1132  1.1364  1.9032  2.3313  1.9205  1.7439  1.6816  1.6546  1.9672
 200  0.848643  3.7319  3.0952  1.1524  1.8632  2.2929  1.8808  1.7034  1.6406  1.6133  1.9275
 201  0.848782  3.7314  3.0770  1.1687  1.8226  2.2540  1.8406  1.6624  1.5991  1.5714  1.8873
 202  0.848919  3.7309  3.0587  1.1851  1.7815  2.2146  1.7999  1.6209  1.5571  1.5291  1.8465
 203  0.849054  3.7304  3.0401  1.2017  1.7399  2.1746  1.7586  1.5789  1.5146  1.4862  1.8053
 204  0.849187  3.7299  3.0214  1.2186  1.6978  2.1341  1.7168  1.5364  1.4716  1.4428  1.7635
 205  0.849318  3.7294  3.0024  1.2356  1.6551  2.0931  1.6746  1.4934  1.4281  1.3989  1.7212
 206  0.849447  3.7289  2.9830  1.2529  1.6119  2.0518  1.6318  1.4498  1.3839  1.3543  1.6784
 207  0.849573  3.7283  2.9634  1.2704  1.5683  2.0101  1.5885  1.4056  1.3392  1.3092  1.6352
 208  0.849698  3.7277  2.9434  1.2881  1.5240  1.9680  1.5447  1.3608  1.2938  1.2634  1.5914
 209  0.849820  3.7270  2.9229  1.3059  1.4793  1.9258  1.5006  1.3155  1.2478  1.2169  1.5472
 210  0.849940  3.7265  2.9029  1.3240  1.4341  1.8824  1.4557  1.2699  1.2016  1.1703  1.5023
 211  0.850058  3.7258  2.8818  1.3423  1.3884  1.8394  1.4105  1.2235  1.1545  1.1227  1.4572
 212  0.850172  3.7252  2.8608  1.3608  1.3421  1.7956  1.3647  1.1766  1.1070  1.0747  1.4114
 213  0.850285  3.7246  2.8398  1.3794  1.2953  1.7513  1.3185  1.1293  1.0590  1.0263  1.3651
 214  0.850395  3.7239  2.8184  1.3983  1.2481  1.7066  1.2718  1.0815  1.0105  0.9773  1.3184
 215  0.850502  3.7233  2.7970  1.4173  1.2004  1.6613  1.2245  1.0332  0.9617  0.9280  1.2712
 216  0.850607  3.7227  2.7752  1.4366  1.1523  1.6158  1.1770  0.9845  0.9122  0.8781  1.2237
 217  0.850629  3.7225  2.7706  1.4406  1.1422  1.6062  1.1669  0.9742  0.9018  0.8676  1.2136
 218  0.850650  3.7224  2.7660  1.4447  1.1320  1.5966  1.1568  0.9639  0.8913  0.8570  1.2035
 219  0.850672  3.7223  2.7613  1.4488  1.1218  1.5869  1.1467  0.9535  0.8809  0.8465  1.1935
 220  0.850693  3.7221  2.7567  1.4529  1.1115  1.5772  1.1366  0.9431  0.8703  0.8358  1.1833
 221  0.850715  3.7220  2.7520  1.4570  1.1012  1.5675  1.1264  0.9327  0.8597  0.8251  1.1731
 222  0.850736  3.7218  2.7473  1.4611  1.0909  1.5577  1.1162  0.9222  0.8491  0.8144  1.1629
 223  0.850757  3.7217  2.7426  1.4653  1.0805  1.5479  1.1059  0.9117  0.8384  0.8036  1.1526
 224  0.850778  3.7215  2.7378  1.4695  1.0701  1.5381  1.0956  0.9011  0.8277  0.7928  1.1423
 225  0.850799  3.7214  2.7332  1.4736  1.0597  1.5282  1.0853  0.8906  0.8170  0.7820  1.1320
 226  0.850820  3.7213  2.7284  1.4778  1.0492  1.5183  1.0749  0.8800  0.8062  0.7711  1.1216
 227  0.851019  3.7198  2.6815  1.5192  0.9458  1.4207  0.9727  0.7752  0.7000  0.6638  1.0194
 228  0.851204  3.7184  2.6341  1.5608  0.8419  1.3229  0.8700  0.6699  0.5931  0.5559  0.9168
 229  0.851383  3.7167  2.5840  1.6044  0.7330  1.2208  0.7625  0.5595  0.4809  0.4424  0.8092
 230  0.851561  3.7151  2.5301  1.6518  0.6147  1.1096  0.6455  0.4395  0.3591  0.3195  0.6923
 231  0.851703  3.7135  2.4829  1.6928  0.5126  1.0143  0.5447  0.3358  0.2537  0.2128  0.5916
 232  0.851846  3.7119  2.4319  1.7372  0.4019  0.9108  0.4355  0.2235  0.1395  0.0974  0.4823
 233  0.851977  3.7101  2.3803  1.7817  0.2913  0.8082  0.3265  0.1111  0.0252 -0.0184  0.3733
 234  0.852095  3.7083  2.3304  1.8246  0.1848  0.7096  0.2216  0.0029 -0.0850 -0.1300  0.2683
 235  0.852203  3.7065  2.2805  1.8674  0.0786  0.6115  0.1170 -0.1051 -0.1950 -0.2414  0.1637
 236  0.852301  3.7047  2.2319  1.9090 -0.0245  0.5165  0.0155 -0.2100 -0.3018 -0.3496  0.0623
 237  0.852393  3.7029  2.1823  1.9514 -0.1296  0.4199 -0.0879 -0.3169 -0.4108 -0.4601 -0.0412
 238  0.852476  3.7012  2.1343  1.9924 -0.2307  0.3272 -0.1874 -0.4198 -0.5158 -0.5664 -0.1407
 239  0.852554  3.6993  2.0854  2.0341 -0.3338  0.2330 -0.2887 -0.5248 -0.6228 -0.6749 -0.2420
 240  0.852624  3.6976  2.0391  2.0735 -0.4308  0.1446 -0.3840 -0.6235 -0.7237 -0.7772 -0.3374
 241  0.852688  3.6959  1.9942  2.1116 -0.5245  0.0596 -0.4760 -0.7190 -0.8215 -0.8762 -0.4294
 242  0.852750  3.6942  1.9510  2.1479 -0.6138 -0.0202 -0.5634 -0.8101 -0.9148 -0.9709 -0.5168
 243  0.852806  3.6929  1.9180  2.1757 -0.6822 -0.0813 -0.6304 -0.8800 -0.9865 -1.0435 -0.5838
 244  0.852861  3.6929  1.9134  2.1803 -0.6937 -0.0927 -0.6419 -0.8915 -0.9981 -1.0551 -0.5953
 245  0.852918  3.6932  1.9169  2.1783 -0.6890 -0.0899 -0.6376 -0.8864 -0.9925 -1.0492 -0.5909
 246  0.852976  3.6910  1.8627  2.2235 -0.8000 -0.1880 -0.7462 -1.0000 -1.1091 -1.1675 -0.6996
 247  0.853029  3.6887  1.8085  2.2686 -0.9109 -0.2851 -0.8544 -1.1136 -1.2257 -1.2858 -0.8079
 248  0.853077  3.6865  1.7562  2.3120 -1.0175 -0.3780 -0.9586 -1.2230 -1.3379 -1.3998 -0.9120
 249  0.853120  3.6843  1.7051  2.3545 -1.1215 -0.4684 -1.0600 -1.3296 -1.4472 -1.5110 -1.0135
 250  0.853159  3.6822  1.6550  2.3960 -1.2229 -0.5564 -1.1588 -1.4336 -1.5539 -1.6195 -1.1125
 251  0.853195  3.6801  1.6061  2.4366 -1.3214 -0.6418 -1.2548 -1.5346 -1.6577 -1.7251 -1.2087
 252  0.853227  3.6780  1.5583  2.4761 -1.4174 -0.7247 -1.3483 -1.6331 -1.7588 -1.8280 -1.3023
 253  0.853257  3.6760  1.5112  2.5151 -1.5117 -0.8056 -1.4399 -1.7299 -1.8582 -1.9293 -1.3942
 254  0.853284  3.6739  1.4651  2.5528 -1.6026 -0.8824 -1.5280 -1.8233 -1.9545 -2.0274 -1.4825
 255  0.853309  3.6717  1.4196  2.5897 -1.6915 -0.9567 -1.6139 -1.9147 -2.0488 -2.1236 -1.5687
 256  0.853333  3.6696  1.3747  2.6262 -1.7789 -1.0293 -1.6983 -2.0048 -2.1419 -2.2186 -1.6535
 257  0.853354  3.6675  1.3309  2.6616 -1.8634 -1.0987 -1.7797 -2.0918 -2.2319 -2.3106 -1.7352
 258  0.853373  3.6654  1.2877  2.6964 -1.9462 -1.1662 -1.8593 -2.1772 -2.3204 -2.4010 -1.8152
 259  0.853392  3.6634  1.2453  2.7306 -2.0273 -1.2316 -1.9371 -2.2608 -2.4070 -2.4896 -1.8935
 260  0.853408  3.6613  1.2038  2.7639 -2.1059 -1.2945 -2.0124 -2.3420 -2.4913 -2.5758 -1.9693
 261  0.853424  3.6593  1.1634  2.7963 -2.1821 -1.3546 -2.0851 -2.4207 -2.5731 -2.6595 -2.0425
 262  0.853438  3.6573  1.1233  2.8283 -2.2572 -1.4134 -2.1568 -2.4984 -2.6539 -2.7423 -2.1148
 263  0.853452  3.6553  1.0842  2.8595 -2.3302 -1.4698 -2.2262 -2.5740 -2.7326 -2.8229 -2.1848
 264  0.853464  3.6533  1.0455  2.8903 -2.4017 -1.5245 -2.2941 -2.6480 -2.8098 -2.9021 -2.2534
 265  0.853476  3.6514  1.0078  2.9202 -2.4710 -1.5766 -2.3596 -2.7198 -2.8848 -2.9791 -2.3196
 266  0.853487  3.6493  0.9704  2.9495 -2.5385 -1.6261 -2.4232 -2.7899 -2.9583 -3.0546 -2.3839
 267  0.853497  3.6473  0.9335  2.9783 -2.6045 -1.6733 -2.4850 -2.8585 -3.0303 -3.1286 -2.4466
 268  0.853506  3.6453  0.8973  3.0064 -2.6687 -1.7188 -2.5450 -2.9254 -3.1005 -3.2009 -2.5075
 269  0.853515  3.6433  0.8615  3.0342 -2.7317 -1.7628 -2.6037 -2.9910 -3.1696 -3.2721 -2.5672
 270  0.853524  3.6413  0.8264  3.0613 -2.7931 -1.8051 -2.6608 -3.0549 -3.2370 -3.3415 -2.6252
 271  0.853532  3.6393  0.7920  3.0879 -2.8529 -1.8457 -2.7162 -3.1172 -3.3027 -3.4093 -2.6817
 272  0.853539  3.6374  0.7585  3.1138 -2.9112 -1.8849 -2.7700 -3.1779 -3.3667 -3.4754 -2.7367
 273  0.853546  3.6356  0.7256  3.1392 -2.9682 -1.9228 -2.8225 -3.2372 -3.4294 -3.5401 -2.7903
 274  0.853553  3.6337  0.6933  3.1642 -3.0238 -1.9593 -2.8737 -3.2952 -3.4908 -3.6034 -2.8426
 275  0.853559  3.6320  0.6621  3.1884 -3.0777 -1.9941 -2.9230 -3.3512 -3.5502 -3.6648 -2.8931
 276  0.853565  3.6302  0.6315  3.2120 -3.1299 -2.0273 -2.9706 -3.4057 -3.6080 -3.7245 -2.9421
 277  0.853571  3.6286  0.6020  3.2349 -3.1805 -2.0590 -3.0166 -3.4583 -3.6640 -3.7824 -2.9894
 278  0.853576  3.6271  0.5745  3.2564 -3.2277 -2.0885 -3.0594 -3.5075 -3.7163 -3.8364 -3.0335


