#AGE=10.000 EEPS=269
#EEP   M/Mo    LogTeff  LogG   LogL/Lo open    gp1     rp1     ip1     zp1     yp1     wp1     
  11  0.101146  3.5077  5.3215 -2.8945 12.4309 14.6897 13.4532 12.1354 11.5317 11.2696 13.0061
  12  0.117965  3.5082  5.2496 -2.7536 12.0782 14.3224 13.0924 11.7828 11.1816 10.9189 12.6505
  13  0.138830  3.5090  5.1759 -2.6062 11.7087 13.9359 12.7131 11.4134 10.8152 10.5522 12.2776
  14  0.166519  3.5116  5.1112 -2.4519 11.3148 13.5029 12.2909 11.0178 10.4296 10.1696 11.8724
  15  0.193321  3.5160  5.0710 -2.3292 10.9930 13.1251 11.9262 10.6928 10.1209  9.8671 11.5328
  16  0.212559  3.5190  5.0444 -2.2497 10.7842 12.8803 11.6903 10.4822  9.9208  9.6710 11.3127
  17  0.228509  3.5214  5.0242 -2.1883 10.6230 12.6903 11.5076 10.3195  9.7666  9.5201 11.1424
  18  0.243654  3.5237  5.0066 -2.1338 10.4791 12.5201 11.3441 10.1744  9.6294  9.3860 10.9901
  19  0.259930  3.5261  4.9895 -2.0791 10.3350 12.3494 11.1805 10.0289  9.4921  9.2517 10.8375
  20  0.277807  3.5286  4.9730 -2.0235 10.1880 12.1749 11.0132  9.8806  9.3524  9.1154 10.6816
  21  0.292628  3.5307  4.9594 -1.9789 10.0704 12.0350 10.8793  9.7619  9.2408  9.0065 10.5567
  22  0.302691  3.5321  4.9497 -1.9488  9.9909 11.9405 10.7888  9.6816  9.1653  8.9330 10.4723
  23  0.309717  3.5331  4.9429 -1.9281  9.9364 11.8759 10.7269  9.6266  9.1136  8.8826 10.4145
  24  0.314930  3.5338  4.9378 -1.9129  9.8964 11.8287 10.6816  9.5863  9.0756  8.8456 10.3722
  25  0.318937  3.5344  4.9341 -1.9014  9.8660 11.7926 10.6470  9.5556  9.0468  8.8175 10.3398
  26  0.322124  3.5349  4.9308 -1.8920  9.8413 11.7633 10.6189  9.5306  9.0234  8.7947 10.3136
  27  0.324963  3.5353  4.9280 -1.8836  9.8192 11.7369 10.5936  9.5083  9.0025  8.7744 10.2901
  28  0.327922  3.5357  4.9253 -1.8752  9.7967 11.7098 10.5677  9.4856  8.9813  8.7538 10.2660
  29  0.331364  3.5363  4.9224 -1.8657  9.7715 11.6793 10.5385  9.4601  8.9576  8.7309 10.2390
  30  0.335800  3.5370  4.9192 -1.8539  9.7403 11.6415 10.5023  9.4285  8.9283  8.7025 10.2056
  31  0.341521  3.5378  4.9150 -1.8389  9.7003 11.5930 10.4559  9.3881  8.8909  8.6663 10.1627
  32  0.416515  3.5531  4.8478 -1.6243  9.1242 10.8761  9.7699  8.8059  8.3602  8.1566  9.5365
  33  0.435233  3.5579  4.8280 -1.5664  8.9680 10.6790  9.5792  8.6487  8.2192  8.0219  9.3648
  34  0.450176  3.5620  4.8118 -1.5192  8.8405 10.5172  9.4207  8.5208  8.1056  7.9135  9.2238
  35  0.463515  3.5658  4.7972 -1.4765  8.7247 10.3697  9.2754  8.4050  8.0033  7.8161  9.0951
  36  0.474850  3.5693  4.7845 -1.4395  8.6240 10.2409  9.1480  8.3044  7.9150  7.7321  8.9829
  37  0.485553  3.5727  4.7724 -1.4041  8.5272 10.1166  9.0248  8.2081  7.8309  7.6523  8.8747
  38  0.496264  3.5763  4.7605 -1.3683  8.4291  9.9900  8.8990  8.1106  7.7463  7.5721  8.7646
  39  0.507577  3.5802  4.7482 -1.3305  8.3245  9.8543  8.7644  8.0070  7.6569  7.4876  8.6469
  40  0.518506  3.5843  4.7365 -1.2934  8.2207  9.7191  8.6310  7.9044  7.5690  7.4048  8.5301
  41  0.529757  3.5886  4.7246 -1.2547  8.1121  9.5767  8.4913  7.7974  7.4777  7.3188  8.4076
  42  0.541944  3.5935  4.7121 -1.2126  7.9928  9.4193  8.3379  7.6802  7.3781  7.2253  8.2729
  43  0.555156  3.5992  4.6990 -1.1665  7.8617  9.2450  8.1698  7.5520  7.2696  7.1233  8.1249
  44  0.568705  3.6054  4.6864 -1.1185  7.7248  9.0606  7.9957  7.4188  7.1570  7.0175  7.9706
  45  0.582415  3.6121  4.6744 -1.0694  7.5843  8.8686  7.8189  7.2829  7.0421  6.9094  7.8126
  46  0.596364  3.6194  4.6633 -1.0191  7.4398  8.6680  7.6390  7.1441  6.9247  6.7990  7.6505
  47  0.610349  3.6270  4.6535 -0.9684  7.2930  8.4596  7.4578  7.0043  6.8065  6.6881  7.4859
  48  0.624035  3.6351  4.6453 -0.9182  7.1463  8.2462  7.2787  6.8659  6.6894  6.5787  7.3216
  49  0.637088  3.6432  4.6383 -0.8701  7.0050  8.0383  7.1099  6.7337  6.5762  6.4730  7.1644
  50  0.649495  3.6508  4.6318 -0.8247  6.8708  7.8408  6.9548  6.6084  6.4662  6.3704  7.0168
  51  0.661054  3.6579  4.6257 -0.7825  6.7463  7.6584  6.8146  6.4926  6.3626  6.2738  6.8813
  52  0.666729  3.6615  4.6228 -0.7617  6.6851  7.5692  6.7470  6.4358  6.3113  6.2260  6.8151
  53  0.672348  3.6649  4.6198 -0.7411  6.6251  7.4821  6.6810  6.3800  6.2606  6.1787  6.7503
  54  0.677941  3.6684  4.6168 -0.7207  6.5660  7.3970  6.6167  6.3249  6.2103  6.1318  6.6867
  55  0.683524  3.6718  4.6137 -0.7004  6.5075  7.3135  6.5536  6.2706  6.1604  6.0851  6.6240
  56  0.689131  3.6752  4.6105 -0.6803  6.4497  7.2316  6.4916  6.2167  6.1107  6.0386  6.5622
  57  0.694766  3.6785  4.6071 -0.6601  6.3924  7.1512  6.4306  6.1633  6.0613  5.9923  6.5011
  58  0.700448  3.6817  4.6036 -0.6400  6.3357  7.0723  6.3705  6.1104  6.0122  5.9462  6.4408
  59  0.706196  3.6849  4.6000 -0.6200  6.2796  6.9951  6.3109  6.0579  5.9635  5.9005  6.3812
  60  0.711983  3.6881  4.5962 -0.6001  6.2242  6.9196  6.2524  6.0062  5.9154  5.8552  6.3225
  61  0.717764  3.6912  4.5923 -0.5804  6.1698  6.8461  6.1950  5.9552  5.8679  5.8104  6.2648
  62  0.723490  3.6942  4.5884 -0.5609  6.1164  6.7744  6.1388  5.9052  5.8213  5.7664  6.2083
  63  0.729133  3.6971  4.5844 -0.5417  6.0641  6.7048  6.0840  5.8561  5.7755  5.7231  6.1531
  64  0.734660  3.7000  4.5802 -0.5228  6.0129  6.6373  6.0304  5.8082  5.7307  5.6808  6.0992
  65  0.740054  3.7028  4.5760 -0.5043  5.9630  6.5718  5.9781  5.7613  5.6869  5.6393  6.0466
  66  0.745275  3.7055  4.5717 -0.4861  5.9143  6.5084  5.9272  5.7156  5.6441  5.5987  5.9954
  67  0.750314  3.7081  4.5672 -0.4683  5.8669  6.4470  5.8777  5.6710  5.6024  5.5591  5.9456
  68  0.755166  3.7106  4.5627 -0.4508  5.8206  6.3875  5.8294  5.6274  5.5616  5.5204  5.8970
  69  0.759843  3.7131  4.5580 -0.4337  5.7755  6.3299  5.7824  5.5849  5.5217  5.4824  5.8497
  70  0.764377  3.7155  4.5533 -0.4169  5.7314  6.2738  5.7365  5.5434  5.4826  5.4452  5.8035
  71  0.768786  3.7177  4.5485 -0.4004  5.6883  6.2194  5.6918  5.5028  5.4444  5.4088  5.7584
  72  0.773096  3.7200  4.5436 -0.3841  5.6461  6.1664  5.6480  5.4630  5.4069  5.3730  5.7143
  73  0.777319  3.7221  4.5387 -0.3682  5.6048  6.1148  5.6052  5.4240  5.3702  5.3379  5.6712
  74  0.781476  3.7242  4.5337 -0.3525  5.5643  6.0645  5.5633  5.3858  5.3340  5.3033  5.6290
  75  0.785595  3.7263  4.5286 -0.3370  5.5245  6.0154  5.5221  5.3482  5.2984  5.2692  5.5876
  76  0.789676  3.7282  4.5234 -0.3217  5.4854  5.9673  5.4817  5.3112  5.2634  5.2355  5.5469
  77  0.793740  3.7301  4.5181 -0.3066  5.4469  5.9203  5.4420  5.2747  5.2288  5.2023  5.5069
  78  0.797799  3.7320  4.5128 -0.2917  5.4090  5.8742  5.4029  5.2387  5.1946  5.1695  5.4675
  79  0.801863  3.7338  4.5074 -0.2769  5.3716  5.8290  5.3644  5.2032  5.1607  5.1369  5.4287
  80  0.805926  3.7355  4.5020 -0.2623  5.3346  5.7847  5.3264  5.1680  5.1272  5.1047  5.3904
  81  0.809970  3.7372  4.4966 -0.2479  5.2982  5.7412  5.2890  5.1334  5.0942  5.0729  5.3528
  82  0.814430  3.7390  4.4904 -0.2321  5.2584  5.6938  5.2482  5.0954  5.0580  5.0379  5.3116
  83  0.818856  3.7408  4.4843 -0.2165  5.2192  5.6473  5.2079  5.0580  5.0222  5.0034  5.2711
  84  0.823234  3.7425  4.4779 -0.2010  5.1804  5.6017  5.1682  5.0210  4.9868  4.9691  5.2311
  85  0.827551  3.7442  4.4715 -0.1857  5.1423  5.5569  5.1292  4.9845  4.9518  4.9353  5.1917
  86  0.831794  3.7457  4.4650 -0.1707  5.1046  5.5130  5.0907  4.9485  4.9172  4.9018  5.1530
  87  0.835955  3.7473  4.4584 -0.1558  5.0675  5.4698  5.0527  4.9129  4.8830  4.8687  5.1148
  88  0.840021  3.7487  4.4516 -0.1411  5.0309  5.4274  5.0154  4.8779  4.8493  4.8359  5.0772
  89  0.843984  3.7501  4.4448 -0.1265  4.9949  5.3858  4.9787  4.8434  4.8161  4.8036  5.0402
  90  0.847834  3.7515  4.4378 -0.1123  4.9595  5.3451  4.9425  4.8094  4.7833  4.7717  5.0038
  91  0.851568  3.7528  4.4308 -0.0982  4.9246  5.3051  4.9070  4.7759  4.7510  4.7402  4.9680
  92  0.855202  3.7540  4.4237 -0.0843  4.8903  5.2660  4.8721  4.7429  4.7191  4.7091  4.9328
  93  0.858744  3.7552  4.4166 -0.0706  4.8564  5.2275  4.8377  4.7103  4.6876  4.6784  4.8982
  94  0.862201  3.7563  4.4092 -0.0571  4.8231  5.1898  4.8038  4.6781  4.6564  4.6479  4.8641
  95  0.865576  3.7574  4.4019 -0.0438  4.7902  5.1527  4.7703  4.6464  4.6256  4.6178  4.8304
  96  0.868870  3.7584  4.3945 -0.0306  4.7577  5.1163  4.7374  4.6151  4.5952  4.5880  4.7973
  97  0.872088  3.7594  4.3871 -0.0177  4.7258  5.0805  4.7050  4.5842  4.5652  4.5586  4.7646
  98  0.875232  3.7603  4.3796 -0.0049  4.6942  5.0454  4.6730  4.5537  4.5355  4.5295  4.7325
  99  0.878310  3.7612  4.3720  0.0077  4.6632  5.0109  4.6415  4.5236  4.5061  4.5007  4.7008
 100  0.881321  3.7620  4.3645  0.0202  4.6325  4.9770  4.6105  4.4939  4.4772  4.4722  4.6696
 101  0.884271  3.7628  4.3569  0.0324  4.6024  4.9438  4.5800  4.4646  4.4486  4.4441  4.6389
 102  0.887166  3.7636  4.3492  0.0445  4.5727  4.9112  4.5500  4.4357  4.4203  4.4163  4.6087
 103  0.890011  3.7643  4.3416  0.0563  4.5434  4.8792  4.5204  4.4072  4.3925  4.3889  4.5790
 104  0.892814  3.7650  4.3340  0.0680  4.5145  4.8478  4.4912  4.3792  4.3650  4.3618  4.5497
 105  0.895584  3.7656  4.3263  0.0795  4.4861  4.8170  4.4626  4.3515  4.3378  4.3350  4.5209
 106  0.898325  3.7661  4.3185  0.0908  4.4582  4.7869  4.4344  4.3242  4.3109  4.3085  4.4925
 107  0.901051  3.7667  4.3108  0.1020  4.4307  4.7573  4.4067  4.2973  4.2845  4.2823  4.4647
 108  0.903745  3.7672  4.3031  0.1129  4.4036  4.7284  4.3794  4.2708  4.2584  4.2565  4.4373
 109  0.906386  3.7676  4.2953  0.1237  4.3770  4.7001  4.3527  4.2447  4.2326  4.2310  4.4105
 110  0.908875  3.7680  4.2878  0.1342  4.3510  4.6724  4.3265  4.2192  4.2075  4.2062  4.3842
 111  0.911267  3.7684  4.2803  0.1445  4.3255  4.6452  4.3008  4.1942  4.1828  4.1817  4.3584
 112  0.912427  3.7686  4.2765  0.1496  4.3129  4.6319  4.2881  4.1818  4.1706  4.1696  4.3457
 113  0.913583  3.7688  4.2726  0.1547  4.3002  4.6186  4.2754  4.1693  4.1583  4.1574  4.3329
 114  0.914736  3.7690  4.2686  0.1599  4.2874  4.6051  4.2625  4.1567  4.1458  4.1450  4.3200
 115  0.915885  3.7691  4.2645  0.1651  4.2745  4.5916  4.2495  4.1440  4.1332  4.1324  4.3069
 116  0.917032  3.7693  4.2604  0.1704  4.2615  4.5780  4.2364  4.1311  4.1204  4.1198  4.2938
 117  0.918177  3.7694  4.2561  0.1757  4.2483  4.5643  4.2233  4.1182  4.1076  4.1070  4.2806
 118  0.919320  3.7695  4.2518  0.1810  4.2351  4.5506  4.2100  4.1051  4.0946  4.0941  4.2673
 119  0.920462  3.7696  4.2475  0.1864  4.2218  4.5368  4.1966  4.0919  4.0815  4.0810  4.2539
 120  0.921602  3.7697  4.2430  0.1918  4.2084  4.5229  4.1832  4.0787  4.0683  4.0679  4.2404
 121  0.922741  3.7698  4.2385  0.1972  4.1949  4.5090  4.1697  4.0653  4.0550  4.0547  4.2268
 122  0.923870  3.7699  4.2340  0.2027  4.1812  4.4949  4.1560  4.0518  4.0416  4.0413  4.2131
 123  0.924991  3.7700  4.2294  0.2083  4.1674  4.4807  4.1422  4.0381  4.0280  4.0278  4.1993
 124  0.926115  3.7701  4.2247  0.2138  4.1536  4.4664  4.1283  4.0244  4.0144  4.0142  4.1854
 125  0.927244  3.7702  4.2201  0.2194  4.1397  4.4521  4.1144  4.0107  4.0007  4.0006  4.1714
 126  0.928373  3.7703  4.2153  0.2250  4.1258  4.4378  4.1004  3.9969  3.9870  3.9869  4.1574
 127  0.929502  3.7704  4.2105  0.2307  4.1118  4.4235  4.0864  3.9830  3.9731  3.9731  4.1434
 128  0.930632  3.7705  4.2056  0.2363  4.0977  4.4091  4.0723  3.9690  3.9592  3.9591  4.1293
 129  0.931762  3.7705  4.2006  0.2420  4.0836  4.3947  4.0582  3.9549  3.9451  3.9451  4.1151
 130  0.932895  3.7705  4.1955  0.2477  4.0693  4.3803  4.0439  3.9407  3.9309  3.9309  4.1008
 131  0.934025  3.7705  4.1903  0.2535  4.0550  4.3659  4.0296  3.9264  3.9166  3.9166  4.0865
 132  0.935155  3.7705  4.1850  0.2592  4.0406  4.3515  4.0153  3.9121  3.9022  3.9022  4.0721
 133  0.936283  3.7705  4.1796  0.2650  4.0261  4.3371  4.0008  3.8976  3.8877  3.8876  4.0577
 134  0.937409  3.7704  4.1741  0.2709  4.0116  4.3226  3.9863  3.8830  3.8730  3.8729  4.0431
 135  0.938533  3.7703  4.1685  0.2767  3.9969  4.3081  3.9717  3.8683  3.8582  3.8581  4.0285
 136  0.939655  3.7703  4.1627  0.2826  3.9822  4.2936  3.9570  3.8535  3.8433  3.8431  4.0138
 137  0.940774  3.7701  4.1569  0.2885  3.9674  4.2791  3.9422  3.8386  3.8283  3.8281  3.9991
 138  0.941891  3.7700  4.1509  0.2945  3.9525  4.2646  3.9274  3.8236  3.8132  3.8128  3.9843
 139  0.943004  3.7699  4.1449  0.3005  3.9375  4.2501  3.9125  3.8084  3.7979  3.7975  3.9694
 140  0.944116  3.7697  4.1387  0.3065  3.9224  4.2356  3.8976  3.7932  3.7825  3.7820  3.9544
 141  0.945223  3.7695  4.1323  0.3125  3.9073  4.2211  3.8825  3.7779  3.7670  3.7663  3.9394
 142  0.946330  3.7693  4.1259  0.3185  3.8920  4.2066  3.8674  3.7625  3.7514  3.7505  3.9243
 143  0.947432  3.7690  4.1192  0.3246  3.8767  4.1921  3.8523  3.7469  3.7356  3.7345  3.9092
 144  0.948533  3.7687  4.1124  0.3307  3.8614  4.1778  3.8371  3.7312  3.7196  3.7184  3.8940
 145  0.949631  3.7684  4.1055  0.3369  3.8459  4.1634  3.8218  3.7155  3.7036  3.7022  3.8788
 146  0.950727  3.7680  4.0984  0.3430  3.8304  4.1492  3.8065  3.6996  3.6873  3.6857  3.8635
 147  0.951822  3.7676  4.0910  0.3492  3.8148  4.1351  3.7911  3.6836  3.6709  3.6690  3.8483
 148  0.952916  3.7671  4.0833  0.3553  3.7992  4.1211  3.7758  3.6675  3.6544  3.6521  3.8329
 149  0.954010  3.7665  4.0754  0.3615  3.7835  4.1074  3.7604  3.6512  3.6376  3.6350  3.8176
 150  0.955106  3.7659  4.0672  0.3677  3.7678  4.0939  3.7450  3.6349  3.6207  3.6177  3.8023
 151  0.956203  3.7652  4.0587  0.3739  3.7520  4.0806  3.7296  3.6184  3.6035  3.6001  3.7870
 152  0.957306  3.7644  4.0499  0.3801  3.7363  4.0676  3.7142  3.6018  3.5862  3.5824  3.7718
 153  0.958416  3.7635  4.0406  0.3863  3.7205  4.0550  3.6989  3.5851  3.5687  3.5642  3.7566
 154  0.959536  3.7626  4.0311  0.3925  3.7047  4.0427  3.6836  3.5683  3.5511  3.5460  3.7414
 155  0.960675  3.7614  4.0208  0.3986  3.6890  4.0313  3.6685  3.5514  3.5330  3.5273  3.7266
 156  0.961838  3.7600  4.0098  0.4046  3.6735  4.0207  3.6537  3.5344  3.5148  3.5082  3.7119
 157  0.963037  3.7583  3.9978  0.4106  3.6582  4.0116  3.6393  3.5174  3.4963  3.4886  3.6978
 158  0.964282  3.7563  3.9844  0.4162  3.6436  4.0048  3.6258  3.5006  3.4775  3.4686  3.6846
 159  0.965580  3.7536  3.9693  0.4213  3.6302  4.0015  3.6139  3.4844  3.4589  3.4483  3.6731
 160  0.966910  3.7502  3.9522  0.4255  3.6194  4.0037  3.6051  3.4701  3.4414  3.4287  3.6648
 161  0.968187  3.7462  3.9341  0.4280  3.6129  4.0130  3.6009  3.4592  3.4267  3.4115  3.6611
 162  0.969194  3.7423  3.9187  0.4281  3.6126  4.0284  3.6029  3.4548  3.4185  3.4007  3.6637
 163  0.970194  3.7377  3.9010  0.4281  3.6132  4.0476  3.6064  3.4506  3.4099  3.3892  3.6677
 164  0.971187  3.7326  3.8809  0.4279  3.6150  4.0709  3.6116  3.4470  3.4012  3.3771  3.6734
 165  0.972179  3.7269  3.8578  0.4290  3.6147  4.0942  3.6152  3.4411  3.3895  3.3617  3.6776
 166  0.973160  3.7213  3.8313  0.4334  3.6070  4.1105  3.6117  3.4278  3.3704  3.3387  3.6744
 167  0.974090  3.7163  3.8026  0.4425  3.5880  4.1134  3.5966  3.4038  3.3411  3.3060  3.6595
 168  0.974921  3.7124  3.7739  0.4559  3.5582  4.1012  3.5700  3.3702  3.3031  3.2652  3.6330
 169  0.975654  3.7095  3.7467  0.4717  3.5217  4.0782  3.5361  3.3308  3.2605  3.2204  3.5991
 170  0.976318  3.7072  3.7211  0.4888  3.4814  4.0483  3.4979  3.2884  3.2156  3.1738  3.5609
 171  0.976930  3.7055  3.6965  0.5067  3.4388  4.0138  3.4568  3.2440  3.1692  3.1262  3.5198
 172  0.977506  3.7041  3.6730  0.5250  3.3945  3.9761  3.4139  3.1984  3.1220  3.0780  3.4768
 173  0.978055  3.7030  3.6501  0.5437  3.3493  3.9361  3.3698  3.1521  3.0743  3.0296  3.4326
 174  0.978582  3.7021  3.6277  0.5626  3.3033  3.8947  3.3248  3.1052  3.0263  2.9809  3.3875
 175  0.979094  3.7013  3.6057  0.5816  3.2569  3.8520  3.2791  3.0580  2.9781  2.9321  3.3418
 176  0.979593  3.7006  3.5841  0.6007  3.2100  3.8084  3.2330  3.0104  2.9298  2.8833  3.2956
 177  0.980082  3.7000  3.5628  0.6199  3.1630  3.7643  3.1866  2.9628  2.8813  2.8345  3.2491
 178  0.980562  3.6995  3.5416  0.6391  3.1157  3.7195  3.1399  2.9150  2.8329  2.7857  3.2023
 179  0.981035  3.6990  3.5207  0.6583  3.0682  3.6744  3.0930  2.8671  2.7843  2.7368  3.1554
 180  0.981503  3.6986  3.4999  0.6776  3.0208  3.6290  3.0460  2.8192  2.7359  2.6881  3.1083
 181  0.981965  3.6981  3.4790  0.6968  2.9733  3.5836  2.9990  2.7712  2.6874  2.6393  3.0613
 182  0.982296  3.6978  3.4640  0.7107  2.9391  3.5509  2.9652  2.7368  2.6525  2.6042  3.0274
 183  0.982627  3.6975  3.4489  0.7247  2.9045  3.5179  2.9310  2.7019  2.6172  2.5687  2.9931
 184  0.982957  3.6971  3.4335  0.7389  2.8694  3.4842  2.8962  2.6665  2.5814  2.5327  2.9583
 185  0.983288  3.6968  3.4181  0.7533  2.8341  3.4504  2.8613  2.6308  2.5454  2.4965  2.9233
 186  0.983619  3.6965  3.4024  0.7678  2.7982  3.4159  2.8257  2.5946  2.5088  2.4597  2.8877
 187  0.983949  3.6962  3.3864  0.7827  2.7614  3.3808  2.7894  2.5576  2.4713  2.4220  2.8513
 188  0.984279  3.6958  3.3700  0.7978  2.7242  3.3452  2.7526  2.5201  2.4333  2.3838  2.8144
 189  0.984606  3.6955  3.3531  0.8135  2.6855  3.3081  2.7142  2.4810  2.3938  2.3441  2.7760
 190  0.984931  3.6951  3.3354  0.8299  2.6449  3.2692  2.6741  2.4401  2.3524  2.3025  2.7358
 191  0.985249  3.6947  3.3163  0.8476  2.6014  3.2276  2.6310  2.3961  2.3080  2.2578  2.6926
 192  0.985559  3.6943  3.2954  0.8667  2.5542  3.1826  2.5843  2.3485  2.2598  2.2093  2.6458
 193  0.985860  3.6938  3.2730  0.8872  2.5037  3.1347  2.5344  2.2976  2.2081  2.1573  2.5959
 194  0.986156  3.6932  3.2497  0.9084  2.4516  3.0853  2.4830  2.2449  2.1548  2.1036  2.5444
 195  0.986444  3.6926  3.2252  0.9307  2.3968  3.0334  2.4289  2.1895  2.0987  2.0471  2.4901
 196  0.986726  3.6920  3.1996  0.9538  2.3400  2.9798  2.3728  2.1321  2.0404  1.9884  2.4339
 197  0.986999  3.6913  3.1729  0.9778  2.2810  2.9242  2.3146  2.0724  1.9799  1.9275  2.3757
 198  0.987267  3.6906  3.1455  1.0025  2.2206  2.8675  2.2550  2.0113  1.9178  1.8649  2.3160
 199  0.987529  3.6898  3.1171  1.0278  2.1586  2.8095  2.1939  1.9485  1.8540  1.8005  2.2547
 200  0.987782  3.6889  3.0877  1.0539  2.0947  2.7500  2.1311  1.8838  1.7882  1.7342  2.1917
 201  0.988028  3.6880  3.0574  1.0806  2.0294  2.6893  2.0668  1.8176  1.7208  1.6662  2.1273
 202  0.988267  3.6870  3.0263  1.1080  1.9625  2.6275  2.0011  1.7498  1.6518  1.5965  2.0615
 203  0.988498  3.6860  2.9943  1.1360  1.8943  2.5645  1.9341  1.6805  1.5812  1.5252  1.9942
 204  0.988720  3.6849  2.9613  1.1647  1.8246  2.5008  1.8657  1.6098  1.5091  1.4523  1.9257
 205  0.988933  3.6837  2.9274  1.1939  1.7537  2.4361  1.7962  1.5376  1.4354  1.3778  1.8560
 206  0.989139  3.6824  2.8927  1.2236  1.6816  2.3705  1.7256  1.4643  1.3605  1.3020  1.7852
 207  0.989336  3.6812  2.8574  1.2539  1.6083  2.3042  1.6540  1.3898  1.2843  1.2248  1.7133
 208  0.989524  3.6798  2.8213  1.2847  1.5340  2.2372  1.5813  1.3142  1.2069  1.1465  1.6404
 209  0.989705  3.6784  2.7846  1.3159  1.4588  2.1696  1.5079  1.2376  1.1285  1.0670  1.5667
 210  0.989877  3.6769  2.7472  1.3475  1.3827  2.1016  1.4336  1.1601  1.0491  0.9866  1.4921
 211  0.990042  3.6754  2.7093  1.3794  1.3059  2.0330  1.3587  1.0818  0.9689  0.9052  1.4169
 212  0.990200  3.6739  2.6709  1.4117  1.2285  1.9644  1.2833  1.0029  0.8879  0.8230  1.3412
 213  0.990351  3.6723  2.6321  1.4442  1.1505  1.8954  1.2074  0.9233  0.8062  0.7401  1.2650
 214  0.990495  3.6707  2.5928  1.4771  1.0720  1.8264  1.1312  0.8433  0.7240  0.6566  1.1883
 215  0.990634  3.6690  2.5531  1.5101  0.9933  1.7574  1.0547  0.7629  0.6414  0.5727  1.1114
 216  0.990771  3.6673  2.5132  1.5432  0.9144  1.6886  0.9782  0.6823  0.5585  0.4884  1.0345
 217  0.990788  3.6671  2.5082  1.5474  0.9043  1.6799  0.9684  0.6720  0.5479  0.4777  1.0247
 218  0.990805  3.6669  2.5031  1.5516  0.8943  1.6712  0.9587  0.6618  0.5374  0.4670  1.0150
 219  0.990822  3.6666  2.4980  1.5558  0.8844  1.6626  0.9491  0.6516  0.5269  0.4563  1.0052
 220  0.990840  3.6664  2.4929  1.5600  0.8744  1.6539  0.9394  0.6414  0.5164  0.4457  0.9955
 221  0.990857  3.6662  2.4879  1.5642  0.8645  1.6455  0.9299  0.6314  0.5060  0.4351  0.9859
 222  0.990875  3.6660  2.4829  1.5683  0.8547  1.6370  0.9204  0.6213  0.4957  0.4245  0.9764
 223  0.990892  3.6657  2.4778  1.5725  0.8449  1.6286  0.9109  0.6113  0.4854  0.4141  0.9669
 224  0.990910  3.6655  2.4729  1.5765  0.8353  1.6203  0.9016  0.6015  0.4752  0.4037  0.9575
 225  0.990928  3.6653  2.4680  1.5806  0.8256  1.6119  0.8923  0.5916  0.4650  0.3934  0.9481
 226  0.990946  3.6651  2.4631  1.5846  0.8162  1.6037  0.8831  0.5819  0.4550  0.3832  0.9388
 227  0.991115  3.6637  2.4302  1.6120  0.7512  1.5473  0.8201  0.5155  0.3867  0.3138  0.8755
 228  0.991278  3.6648  2.4488  1.5981  0.7830  1.5721  0.8503  0.5485  0.4213  0.3493  0.9060
 229  0.991467  3.6676  2.4965  1.5616  0.8676  1.6399  0.9310  0.6359  0.5124  0.4428  0.9874
 230  0.991682  3.6636  2.4124  1.6297  0.7069  1.5036  0.7761  0.4712  0.3422  0.2693  0.8314
 231  0.991865  3.6601  2.3374  1.6906  0.5635  1.3822  0.6377  0.3243  0.1904  0.1146  0.6921
 232  0.992025  3.6566  2.2651  1.7491  0.4266  1.2675  0.5060  0.1840  0.0452 -0.0334  0.5594
 233  0.992167  3.6530  2.1935  1.8066  0.2924  1.1561  0.3775  0.0465 -0.0974 -0.1791  0.4296
 234  0.992292  3.6495  2.1238  1.8624  0.1630  1.0499  0.2540 -0.0862 -0.2355 -0.3202  0.3048
 235  0.992400  3.6461  2.0568  1.9157  0.0401  0.9503  0.1373 -0.2124 -0.3670 -0.4548  0.1865
 236  0.992497  3.6427  1.9903  1.9685 -0.0808  0.8534  0.0229 -0.3366 -0.4968 -0.5879  0.0703
 237  0.992584  3.6391  1.9240  2.0205 -0.1991  0.7611 -0.0885 -0.4583 -0.6244 -0.7189 -0.0428
 238  0.992660  3.6356  1.8602  2.0703 -0.3114  0.6749 -0.1935 -0.5740 -0.7462 -0.8442 -0.1499
 239  0.992728  3.6321  1.7969  2.1195 -0.4217  0.5919 -0.2954 -0.6875 -0.8664 -0.9680 -0.2545
 240  0.992789  3.6285  1.7344  2.1679 -0.5291  0.5123 -0.3937 -0.7983 -0.9841 -1.0895 -0.3559
 241  0.992844  3.6251  1.6742  2.2144 -0.6314  0.4380 -0.4862 -0.9037 -1.0969 -1.2060 -0.4519
 242  0.992893  3.6216  1.6140  2.2606 -0.7324  0.3658 -0.5767 -1.0079 -1.2090 -1.3219 -0.5464
 243  0.992938  3.6182  1.5556  2.3055 -0.8297  0.2973 -0.6632 -1.1083 -1.3175 -1.4343 -0.6369
 244  0.992978  3.6148  1.4981  2.3495 -0.9241  0.2323 -0.7456 -1.2058 -1.4237 -1.5444 -0.7242
 245  0.993014  3.6114  1.4414  2.3926 -1.0156  0.1712 -0.8236 -1.3002 -1.5273 -1.6522 -0.8079
 246  0.993047  3.6081  1.3861  2.4344 -1.1034  0.1142 -0.8966 -1.3909 -1.6277 -1.7568 -0.8875
 247  0.993077  3.6047  1.3315  2.4757 -1.1893  0.0599 -0.9661 -1.4796 -1.7267 -1.8602 -0.9646
 248  0.993105  3.6015  1.2785  2.5156 -1.2716  0.0092 -1.0308 -1.5646 -1.8224 -1.9602 -1.0376
 249  0.993129  3.5983  1.2267  2.5547 -1.3514 -0.0398 -1.0931 -1.6473 -1.9163 -2.0582 -1.1081
 250  0.993152  3.5951  1.1756  2.5932 -1.4289 -0.0853 -1.1509 -1.7276 -2.0085 -2.1547 -1.1756
 251  0.993173  3.5920  1.1256  2.6307 -1.5034 -0.1267 -1.2033 -1.8047 -2.0981 -2.2489 -1.2391
 252  0.993192  3.5890  1.0772  2.6670 -1.5742 -0.1637 -1.2497 -1.8779 -2.1844 -2.3401 -1.2983
 253  0.993210  3.5859  1.0291  2.7029 -1.6429 -0.1968 -1.2910 -1.9490 -2.2694 -2.4303 -1.3544
 254  0.993226  3.5829  0.9825  2.7376 -1.7079 -0.2250 -1.3258 -2.0161 -2.3511 -2.5175 -1.4058
 255  0.993242  3.5799  0.9361  2.7718 -1.7706 -0.2487 -1.3546 -2.0807 -2.4312 -2.6036 -1.4537
 256  0.993256  3.5769  0.8909  2.8051 -1.8306 -0.2706 -1.3772 -2.1434 -2.5106 -2.6883 -1.4977
 257  0.993268  3.5740  0.8468  2.8375 -1.8877 -0.2883 -1.3942 -2.2030 -2.5873 -2.7706 -1.5379
 258  0.993280  3.5711  0.8035  2.8692 -1.9419 -0.3012 -1.4052 -2.2593 -2.6614 -2.8509 -1.5744
 259  0.993292  3.5682  0.7609  2.9002 -1.9935 -0.3088 -1.4098 -2.3124 -2.7330 -2.9294 -1.6069
 260  0.993302  3.5653  0.7193  2.9304 -2.0422 -0.3113 -1.4084 -2.3621 -2.8016 -3.0056 -1.6357
 261  0.993312  3.5625  0.6784  2.9600 -2.0878 -0.3075 -1.3996 -2.4080 -2.8673 -3.0797 -1.6601
 262  0.993321  3.5597  0.6384  2.9889 -2.1307 -0.2981 -1.3841 -2.4503 -2.9299 -3.1516 -1.6805
 263  0.993329  3.5570  0.5992  3.0171 -2.1704 -0.2821 -1.3611 -2.4887 -2.9893 -3.2213 -1.6966
 264  0.993337  3.5542  0.5607  3.0447 -2.2050 -0.2501 -1.3146 -2.5200 -3.0446 -3.2895 -1.7026
 265  0.993345  3.5515  0.5227  3.0718 -2.2360 -0.2081 -1.2548 -2.5464 -3.0966 -3.3561 -1.7024
 266  0.993352  3.5489  0.4858  3.0981 -2.2643 -0.1612 -1.1895 -2.5695 -3.1456 -3.4204 -1.6987
 267  0.993359  3.5463  0.4496  3.1239 -2.2905 -0.1091 -1.1187 -2.5897 -3.1920 -3.4829 -1.6920
 268  0.993365  3.5437  0.4143  3.1491 -2.3145 -0.0531 -1.0444 -2.6069 -3.2354 -3.5430 -1.6828
 269  0.993371  3.5412  0.3795  3.1737 -2.3363  0.0069 -0.9672 -2.6211 -3.2757 -3.6009 -1.6710
 270  0.993377  3.5387  0.3455  3.1978 -2.3561  0.0698 -0.8888 -2.6327 -3.3130 -3.6563 -1.6575
 271  0.993382  3.5362  0.3122  3.2213 -2.3739  0.1357 -0.8098 -2.6415 -3.3471 -3.7090 -1.6422
 272  0.993387  3.5338  0.2794  3.2442 -2.3892  0.2059 -0.7294 -2.6471 -3.3776 -3.7591 -1.6244
 273  0.993392  3.5314  0.2473  3.2666 -2.4026  0.2783 -0.6516 -2.6500 -3.4045 -3.8062 -1.6056
 274  0.993396  3.5287  0.2148  3.2886 -2.4047  0.3785 -0.5714 -2.6376 -3.4150 -3.8434 -1.5749
 275  0.993401  3.5264  0.1840  3.3100 -2.4094  0.4674 -0.5051 -2.6285 -3.4260 -3.8793 -1.5504
 276  0.993405  3.5241  0.1538  3.3309 -2.4125  0.5572 -0.4417 -2.6174 -3.4341 -3.9125 -1.5253
 277  0.993409  3.5217  0.1244  3.3511 -2.4137  0.6483 -0.3805 -2.6040 -3.4392 -3.9430 -1.4990
 278  0.993412  3.5195  0.0960  3.3704 -2.4132  0.7387 -0.3223 -2.5887 -3.4415 -3.9705 -1.4722
 279  0.993412  3.5177  0.0726  3.3866 -2.4140  0.8100 -0.2791 -2.5773 -3.4440 -3.9934 -1.4522


